0 0 0 295.442 52.0944
0.1 184.85 27.594 111.296 9.62443
0.2 254.834 24.934 41.6444 -12.657
0.3 278.944 4.1853 8.84221 -28.4409
0 0 0 281.908 102.606
0.1 176.581 59.27 106.8 28.8721
0.2 244.556 69.0112 41.6307 -4.84767
0.3 270.248 53.3622 11.891 -25.672
0.4 266.338 16.9389 -23.6616 -48.6121
0 0 0 259.808 150
0.1 162.91 89.0563 98.9562 47.1323
0.2 226.619 110.839 40.0995 3.15141
0.3 252.863 100.99 14.4393 -21.6635
0.4 253.684 66.4641 -16.496 -49.524
0 0 0 229.813 192.836
0.1 144.242 116.033 87.9596 63.8068
0.2 201.465 149.049 36.9352 10.9923
0.3 226.941 145.426 16.0028 -16.572
0.4 232.17 114.814 -8.6715 -47.2762
0.5 197.312 40.564 -71.9132 -110.342
0 0 0 192.836 229.813
0.1 121.134 139.362 74.1201 78.3328
0.2 169.793 182.351 32.1141 18.2721
0.3 192.973 184.975 16.136 -10.7698
0.4 201.471 160.103 -1.47623 -41.7593
0.5 180.589 90.2178 -48.6475 -107.976
0 0 0 150 259.807
0.1 94.2893 158.314 57.8548 90.2073
0.2 132.553 209.587 25.7268 24.56
0.3 151.824 217.967 14.5282 -4.83648
0.4 161.714 200.097 3.77465 -33.4621
0.5 153.058 140.103 -26.7102 -96.2633
0 0 0 102.606 281.908
0.1 64.53 172.294 39.6765 99.0098
0.2 90.9151 229.786 17.9928 29.4348
0.3 104.773 242.86 11.1013 0.500458
0.4 113.684 232.342 6.01639 -23.4702
0.5 113.353 186.433 -9.77207 -76.8485
0.6 84.2178 51.3858 -57.0567 -216.762
