0 0 0 212.132 212.132
0.007 0.444083 0.443923 80.6211 80.5756
0.014 0.851311 0.850717 44.6007 44.52
0.021 1.10941 1.10814 30.9549 30.8395
0.028 1.29838 1.29617 23.7088 23.5585
0.035 1.44749 1.44411 19.2167 19.0315
0.042 1.57067 1.56587 16.1602 15.9401
0.049 1.67566 1.6692 13.9468 13.6916
0.056 1.76717 1.75879 12.2703 11.98
0.063 1.84828 1.83776 10.957 10.6315
0.07 1.92116 1.90823 9.90065 9.53991
0.077 1.98733 1.97175 9.03289 8.63683
0.084 2.04795 2.02948 8.30757 7.87612
0.091 2.10389 2.08227 7.69247 7.22556
0.098 2.15585 2.13084 7.16442 6.66196
0.105 2.20436 2.1757 6.7063 6.1682
0.112 2.24987 2.21732 6.30521 5.73139
0.119 2.29274 2.25605 5.95124 5.3416
0.126 2.33328 2.2922 5.63665 4.99108
0.133 2.37173 2.32601 5.3553 4.6737
0.14 2.40832 2.35769 5.10227 4.38452
0.147 2.44322 2.38744 4.87355 4.11955
0.154 2.4766 2.41542 4.66588 3.87549
0.161 2.50858 2.44174 4.47652 3.64963
0.168 2.5393 2.46655 4.30321 3.43969
0.175 2.56886 2.48993 4.14404 3.24375
0.182 2.59735 2.51199 3.9974 3.0602
0.189 2.62485 2.5328 3.86188 2.88764
0.196 2.65144 2.55244 3.73632 2.72489
0.203 2.67718 2.57097 3.61967 2.57091
0.21 2.70213 2.58845 3.51105 2.42481
0.217 2.72635 2.60493 3.40968 2.28582
0.224 2.74988 2.62047 3.31488 2.15323
0.231 2.77277 2.63509 3.22605 2.02647
0.238 2.79506 2.64885 3.14265 1.90498
0.245 2.81678 2.66177 3.06422 1.78831
0.252 2.83797 2.6739 2.99032 1.67603
0.259 2.85866 2.68525 2.92059 1.56776
0.266 2.87887 2.69585 2.85468 1.46316
0.273 2.89863 2.70574 2.79229 1.36195
0.28 2.91797 2.71493 2.73314 1.26384
0.287 2.9369 2.72344 2.67699 1.16859
0.294 2.95545 2.73129 2.6236 1.07598
0.301 2.97364 2.73851 2.57277 0.985814
0.308 2.99148 2.7451 2.5243 0.897902
0.315 3.00898 2.75108 2.47803 0.812082
0.322 3.02617 2.75647 2.43378 0.728207
0.329 3.04306 2.76128 2.39142 0.64614
0.336 3.05966 2.76552 2.3508 0.56576
0.343 3.07598 2.76921 2.3118 0.486954
0.35 3.09203 2.77235 2.2743 0.409622
0.357 3.10782 2.77495 2.23819 0.333673
0.364 3.12336 2.77702 2.20336 0.259025
0.371 3.13867 2.77858 2.16972 0.185604
0.378 3.15374 2.77962 2.13718 0.113346
0.385 3.16859 2.78016 2.10566 0.0421898
0.392 3.18322 2.78021 2.07507 -0.0279146
0.399 3.19765 2.77978 2.04535 -0.0970133
0.406 3.21186 2.77886 2.01641 -0.165146
0.413 3.22588 2.77747 1.98821 -0.232346
0.42 3.2397 2.77561 1.96068 -0.298643
0.427 3.25333 2.77329 1.93375 -0.364061
0.434 3.26677 2.77051 1.90739 -0.42862
0.441 3.28003 2.76729 1.88153 -0.492335
0.448 3.29311 2.76362 1.85614 -0.555218
0.455 3.30602 2.75952 1.83117 -0.617278
0.462 3.31875 2.75498 1.80659 -0.678519
0.469 3.33131 2.75002 1.78235 -0.738946
0.476 3.3437 2.74464 1.75843 -0.798558
0.483 3.35593 2.73884 1.7348 -0.857354
0.49 3.36799 2.73264 1.71143 -0.91533
0.497 3.37989 2.72603 1.68829 -0.972481
0.504 3.39163 2.71902 1.66537 -1.0288
0.511 3.40321 2.71163 1.64265 -1.08428
0.518 3.41463 2.70385 1.6201 -1.13892
0.525 3.42589 2.69569 1.59772 -1.1927
0.532 3.437 2.68715 1.5755 -1.24563
0.539 3.44795 2.67825 1.55342 -1.29768
0.546 3.45874 2.66899 1.53148 -1.34885
0.553 3.46939 2.65937 1.50966 -1.39914
0.56 3.47988 2.6494 1.48797 -1.44853
0.567 3.49022 2.63909 1.4664 -1.49702
0.574 3.50041 2.62844 1.44495 -1.54461
0.581 3.51045 2.61747 1.42361 -1.59128
0.588 3.52034 2.60617 1.4024 -1.63704
0.595 3.53008 2.59455 1.38129 -1.68188
0.602 3.53968 2.58262 1.36031 -1.72579
0.609 3.54913 2.57039 1.33944 -1.76878
0.616 3.55843 2.55786 1.3187 -1.81085
0.623 3.56759 2.54504 1.29809 -1.85199
0.63 3.5766 2.53194 1.2776 -1.89221
0.637 3.58548 2.51855 1.25725 -1.93151
0.644 3.59421 2.5049 1.23704 -1.96989
0.651 3.6028 2.49098 1.21697 -2.00736
0.658 3.61124 2.4768 1.19705 -2.04393
0.665 3.61955 2.46236 1.17728 -2.07959
0.672 3.62773 2.44768 1.15766 -2.11435
0.679 3.63576 2.43277 1.13821 -2.14823
0.686 3.64366 2.41761 1.11892 -2.18124
0.693 3.65143 2.40223 1.09981 -2.21338
0.7 3.65906 2.38663 1.08087 -2.24466
0.707 3.66656 2.37081 1.06211 -2.27509
0.714 3.67393 2.35478 1.04354 -2.30469
0.721 3.68117 2.33854 1.02515 -2.33346
0.728 3.68828 2.32211 1.00696 -2.36143
0.735 3.69527 2.30548 0.988962 -2.3886
0.742 3.70213 2.28867 0.971166 -2.41498
0.749 3.70886 2.27168 0.953573 -2.4406
0.756 3.71548 2.25451 0.936186 -2.46546
0.763 3.72197 2.23716 0.919008 -2.48958
0.77 3.72834 2.21965 0.902043 -2.51297
0.777 3.7346 2.20198 0.885291 -2.53565
0.784 3.74074 2.18416 0.868756 -2.55763
0.791 3.74676 2.16618 0.852439 -2.57893
0.798 3.75267 2.14805 0.836342 -2.59957
0.805 3.75847 2.12978 0.820465 -2.61955
0.812 3.76416 2.11138 0.804811 -2.6389
0.819 3.76974 2.09284 0.78938 -2.65763
0.826 3.77521 2.07417 0.774173 -2.67576
0.833 3.78058 2.05538 0.75919 -2.69329
0.84 3.78584 2.03647 0.744431 -2.71025
0.847 3.791 2.01744 0.729897 -2.72665
0.854 3.79606 1.9983 0.715588 -2.74251
0.861 3.80102 1.97905 0.701502 -2.75783
0.868 3.80588 1.95969 0.68764 -2.77264
0.875 3.81065 1.94023 0.674001 -2.78695
0.882 3.81532 1.92067 0.660584 -2.80077
0.889 3.8199 1.90102 0.647388 -2.81412
0.896 3.82438 1.88128 0.634412 -2.82701
0.903 3.82878 1.86144 0.621654 -2.83945
0.91 3.83309 1.84153 0.609114 -2.85147
0.917 3.83731 1.82152 0.596789 -2.86306
0.924 3.84144 1.80144 0.584678 -2.87424
0.931 3.84549 1.78129 0.572779 -2.88504
0.938 3.84946 1.76105 0.561091 -2.89545
0.945 3.85335 1.74075 0.549611 -2.90549
0.952 3.85716 1.72038 0.538337 -2.91517
0.959 3.86089 1.69994 0.527268 -2.9245
0.966 3.86454 1.67944 0.516401 -2.9335
0.973 3.86812 1.65887 0.505733 -2.94218
0.98 3.87162 1.63825 0.495263 -2.95054
0.987 3.87505 1.61756 0.484988 -2.9586
0.994 3.87841 1.59683 0.474906 -2.96636
1.001 3.8817 1.57604 0.465014 -2.97384
1.008 3.88492 1.55519 0.455309 -2.98105
1.015 3.88807 1.5343 0.44579 -2.98799
1.022 3.89116 1.51336 0.436454 -2.99467
1.029 3.89419 1.49238 0.427298 -3.00111
1.036 3.89714 1.47135 0.418319 -3.00731
1.043 3.90004 1.45027 0.409515 -3.01328
1.05 3.90288 1.42916 0.400883 -3.01903
1.057 3.90565 1.40801 0.392421 -3.02456
1.064 3.90837 1.38682 0.384127 -3.02989
1.071 3.91103 1.36559 0.375996 -3.03501
1.078 3.91364 1.34433 0.368027 -3.03994
1.085 3.91619 1.32303 0.360218 -3.04469
1.092 3.91868 1.3017 0.352565 -3.04926
1.099 3.92112 1.28034 0.345066 -3.05365
1.106 3.92351 1.25895 0.337718 -3.05788
1.113 3.92585 1.23753 0.330519 -3.06195
1.12 3.92814 1.21609 0.323467 -3.06586
1.127 3.93038 1.19461 0.316558 -3.06963
1.134 3.93257 1.17311 0.30979 -3.07325
1.141 3.93472 1.15159 0.30316 -3.07673
1.148 3.93682 1.13004 0.296667 -3.08008
1.155 3.93887 1.10846 0.290308 -3.0833
1.162 3.94088 1.08687 0.284079 -3.0864
1.169 3.94285 1.06526 0.27798 -3.08938
1.176 3.94477 1.04362 0.272007 -3.09224
1.183 3.94666 1.02196 0.266158 -3.095
1.19 3.9485 1.00029 0.260431 -3.09764
1.197 3.9503 0.978598 0.254823 -3.10019
1.204 3.95207 0.956888 0.249333 -3.10263
1.211 3.95379 0.935161 0.243958 -3.10499
1.218 3.95548 0.913418 0.238695 -3.10725
1.225 3.95714 0.89166 0.233543 -3.10942
1.232 3.95875 0.869886 0.228499 -3.11151
1.239 3.96033 0.848099 0.223562 -3.11351
1.246 3.96188 0.826297 0.218728 -3.11544
1.253 3.9634 0.804483 0.213997 -3.1173
1.26 3.96488 0.782655 0.209366 -3.11908
1.267 3.96633 0.760816 0.204834 -3.12079
1.274 3.96775 0.738964 0.200397 -3.12244
1.281 3.96913 0.717102 0.196055 -3.12402
1.288 3.97049 0.695228 0.191805 -3.12553
1.295 3.97182 0.673345 0.187645 -3.12699
1.302 3.97312 0.651451 0.183575 -3.1284
1.309 3.97439 0.629547 0.179591 -3.12974
1.316 3.97563 0.607634 0.175692 -3.13104
1.323 3.97685 0.585713 0.171877 -3.13228
1.33 3.97804 0.563783 0.168143 -3.13347
1.337 3.9792 0.541844 0.164489 -3.13462
1.344 3.98034 0.519898 0.160914 -3.13572
1.351 3.98146 0.497944 0.157415 -3.13678
1.358 3.98255 0.475983 0.153992 -3.1378
1.365 3.98361 0.454015 0.150642 -3.13878
1.372 3.98466 0.43204 0.147364 -3.13971
1.379 3.98568 0.410059 0.144157 -3.14062
1.386 3.98667 0.388072 0.141019 -3.14148
1.393 3.98765 0.366078 0.137948 -3.14231
1.4 3.98861 0.344079 0.134944 -3.14311
1.407 3.98954 0.322075 0.132004 -3.14388
1.414 3.99045 0.300065 0.129128 -3.14461
1.421 3.99135 0.27805 0.126314 -3.14532
1.428 3.99222 0.256031 0.123561 -3.146
1.435 3.99308 0.234007 0.120867 -3.14665
1.442 3.99391 0.211978 0.118232 -3.14728
1.449 3.99473 0.189945 0.115654 -3.14788
1.456 3.99553 0.167908 0.113131 -3.14846
1.463 3.99632 0.145866 0.110664 -3.14901
1.47 3.99708 0.123821 0.108249 -3.14954
1.477 3.99783 0.101773 0.105887 -3.15005
1.484 3.99857 0.0797207 0.103576 -3.15055
1.491 3.99928 0.0576653 0.101316 -3.15102
1.498 3.99998 0.0356065 0.0991044 -3.15147
1.505 4.00067 0.0135447 0.0969408 -3.1519
