10 10 10 10 10 10 10 10 10 10 10 10 10 10 10 10 10 10 10 10 10 10 10 10 10 10 10 10 10 10 10 10 10 10 10 10 10 10 10 10 10 10 10 10 10 10 10 10 10 10 
10 10 10 10 10 10 10 10 10 10 10 10 10 10 10 10 10 10 10 10 10 10 10 10 10 10 10 10 10 10 10 10 10 10 10 10 10 10 10 10 10 10 10 10 10 10 10 10 10 10 
10 10 10 10 10 10 10 10 10 10 10 10 10 10 10 10 10 10 10 10 10 10 10 10 10 10 10 10 10 10 10 10 10 10 10 10 10 10 10 10 10 10 10 10 10 10 10 10 10 10 
10 10 10 10 10 10 10 10 10 10 10 10 10 10 10 10 10 10 10 10 10 10 10 10 10 10 10 10 10 10 10 10 10 10 10 10 10 10 10 10 10 10 10 10 10 10 10 10 10 10 
10 10 10 10 10 10 10 10 10 10 10 10 10 10 10 10 10 10 10 10 10 10 10 10 10 10 10 10 10 10 10 10 10 10 10 10 10 10 10 10 10 10 10 10 10 10 10 10 10 10 
10 10 10 10 10 10 10 10 10 10 10 10 10 10 10 10 10 10 10 10 10 10 10 10 10 10 10 10 10 10 10 10 10 10 10 10 10 10 10 10 10 10 10 10 10 10 10 10 10 10 
10 10 10 10 10 10 10 10 10 10 10 10 10 10 10 10 10 10 10 10 10 10 10 10 10 10 10 10 10 10 10 10 10 10 10 10 10 10 10 10 10 10 10 10 10 10 10 10 10 10 
10 10 10 10 10 10 10 10 10 10 10 10 10 10 10 10 10 10 10 10 10 10 10 10 10 10 10 10 10 10 10 10 10 10 10 10 10 10 10 10 10 10 10 10 10 10 10 10 10 10 
10 10 10 10 10 10 10 10 10 10 10 10 10 10 10 10 10 10 10 10 10 10 10 10 10 10 10 10 10 10 10 10 10 10 10 10 10 10 10 10 10 10 10 10 10 10 10 10 10 10 
10 10 10 10 10 10 10 10 10 10 10 10 10 10 10 10 10 10 10 10 10 10 10 10 10 10 10 10 10 10 10 10 10 10 10 10 10 10 10 10 10 10 10 10 10 10 10 10 10 10 
10 10 10 10 10 10 10 10 10 10 10 10 10 10 10 10 10 10 10 10 10 10 10 10 10 10 10 10 10 10 10 10 10 10 10 10 10 10 10 10 10 10 10 10 10 10 10 10 10 10 
10 10 10 10 10 10 10 10 10 10 10 10 10 10 10 10 10 10 10 10 10 10 10 10 10 10 10 10 10 10 10 10 10 10 10 10 10 10 10 10 10 10 10 10 10 10 10 10 10 10 
10 10 10 10 10 10 10 10 10 10 10 10 10 10 10 10 10 10 10 10 10 10 10 10 10 10 10 10 10 10 10 10 10 10 10 10 10 10 10 10 10 10 10 10 10 10 10 10 10 10 
10 10 10 10 10 10 10 10 10 10 10 10 10 10 10 10 10 10 10 10 10 10 10 10 10 10 10 10 10 10 10 10 10 10 10 10 10 10 10 10 10 10 10 10 10 10 10 10 10 10 
10 10 10 10 10 10 10 10 10 10 10 10 10 10 10 10 10 10 10 10 10 10 10 10 10 10 10 10 10 10 10 10 10 10 10 10 10 10 10 10 10 10 10 10 10 10 10 10 10 10 
10 10 10 10 10 10 10 10 10 10 10 10 10 10 10 10 10 10 10 10 10 10 10 10 10 10 10 10 10 10 10 10 10 10 10 10 10 10 10 10 10 10 10 10 10 10 10 10 10 10 
10 10 10 10 10 10 10 10 10 10 10 10 10 10 10 10 10 10 10 10 10 10 10 10 10 10 10 10 10 10 10 10 10 10 10 10 10 10 10 10 10 10 10 10 10 10 10 10 10 10 
10 10 10 10 10 10 10 10 10 10 10 10 10 10 10 10 10 10 10 10 10 10 10 10 10 10 10 10 10 10 10 10 10 10 10 10 10 10 10 10 10 10 10 10 10 10 10 10 10 10 
10 10 10 10 10 10 10 10 10 10 10 10 10 10 10 10 10 10 10 10 10 10 10 10 10 10 10 10 10 10 10 10 10 10 10 10 10 10 10 10 10 10 10 10 10 10 10 10 10 10 
10 10 10 10 10 10 10 10 10 10 10 10 10 10 10 10 10 10 10 10 10 10 10 10 10 10 10 10 10 10 10 10 10 10 10 10 10 10 10 10 10 10 10 10 10 10 10 10 10 10 
10 10 10 10 10 10 10 10 10 10 10 10 10 10 10 10 10 10 10 10 10 10 10 10 10 10 10 10 10 10 10 10 10 10 10 10 10 10 10 10 10 10 10 10 10 10 10 10 10 10 
10 10 10 10 10 10 10 10 10 10 10 10 10 10 10 10 10 10 10 10 10 10 10 100 100 100 100 100 10 10 10 10 10 10 10 10 10 10 10 10 10 10 10 10 10 10 10 10 10 10 
10 10 10 10 10 10 10 10 10 10 10 10 10 10 10 10 10 10 10 10 10 10 100 100 100 100 100 100 100 10 10 10 10 10 10 10 10 10 10 10 10 10 10 10 10 10 10 10 10 10 
10 10 10 10 10 10 10 10 10 10 10 10 10 10 10 10 10 10 10 10 10 100 100 100 100 100 100 100 100 100 10 10 10 10 10 10 10 10 10 10 10 10 10 10 10 10 10 10 10 10 
10 10 10 10 10 10 10 10 10 10 10 10 10 10 10 10 10 10 10 10 10 100 100 100 100 100 100 100 100 100 10 10 10 10 10 10 10 10 10 10 10 10 10 10 10 10 10 10 10 10 
10 10 10 10 10 10 10 10 10 10 10 10 10 10 10 10 10 10 10 10 10 100 100 100 100 100 100 100 100 100 10 10 10 10 10 10 10 10 10 10 10 10 10 10 10 10 10 10 10 10 
10 10 10 10 10 10 10 10 10 10 10 10 10 10 10 10 10 10 10 10 10 100 100 100 100 100 100 100 100 100 10 10 10 10 10 10 10 10 10 10 10 10 10 10 10 10 10 10 10 10 
10 10 10 10 10 10 10 10 10 10 10 10 10 10 10 10 10 10 10 10 10 100 100 100 100 100 100 100 100 100 10 10 10 10 10 10 10 10 10 10 10 10 10 10 10 10 10 10 10 10 
10 10 10 10 10 10 10 10 10 10 10 10 10 10 10 10 10 10 10 10 10 10 100 100 100 100 100 100 100 10 10 10 10 10 10 10 10 10 10 10 10 10 10 10 10 10 10 10 10 10 
10 10 10 10 10 10 10 10 10 10 10 10 10 10 10 10 10 10 10 10 10 10 10 100 100 100 100 100 10 10 10 10 10 10 10 10 10 10 10 10 10 10 10 10 10 10 10 10 10 10 
10 10 10 10 10 10 10 10 10 10 10 10 10 10 10 10 10 10 10 10 10 10 10 10 10 10 10 10 10 10 10 10 10 10 10 10 10 10 10 10 10 10 10 10 10 10 10 10 10 10 
10 10 10 10 10 10 10 10 10 10 10 10 10 10 10 10 10 10 10 10 10 10 10 10 10 10 10 10 10 10 10 10 10 10 10 10 10 10 10 10 10 10 10 10 10 10 10 10 10 10 
10 10 10 10 10 10 10 10 10 10 10 10 10 10 10 10 10 10 10 10 10 10 10 10 10 10 10 10 10 10 10 10 10 10 10 10 10 10 10 10 10 10 10 10 10 10 10 10 10 10 
10 10 10 10 10 10 10 10 10 10 10 10 10 10 10 10 10 10 10 10 10 10 10 10 10 10 10 10 10 10 10 10 10 10 10 10 10 10 10 10 10 10 10 10 10 10 10 10 10 10 
10 10 10 10 10 10 10 10 10 10 10 10 10 10 10 10 10 10 10 10 10 10 10 10 10 10 10 10 10 10 10 10 10 10 10 10 10 10 10 10 10 10 10 10 10 10 10 10 10 10 
10 10 10 10 10 10 10 10 10 10 10 10 10 10 10 10 10 10 10 10 10 10 10 10 10 10 10 10 10 10 10 10 10 10 10 10 10 10 10 10 10 10 10 10 10 10 10 10 10 10 
10 10 10 10 10 10 10 10 10 10 10 10 10 10 10 10 10 10 10 10 10 10 10 10 10 10 10 10 10 10 10 10 10 10 10 10 10 10 10 10 10 10 10 10 10 10 10 10 10 10 
10 10 10 10 10 10 10 10 10 10 10 10 10 10 10 10 10 10 10 10 10 10 10 10 10 10 10 10 10 10 10 10 10 10 10 10 10 10 10 10 10 10 10 10 10 10 10 10 10 10 
10 10 10 10 10 10 10 10 10 10 10 10 10 10 10 10 10 10 10 10 10 10 10 10 10 10 10 10 10 10 10 10 10 10 10 10 10 10 10 10 10 10 10 10 10 10 10 10 10 10 
10 10 10 10 10 10 10 10 10 10 10 10 10 10 10 10 10 10 10 10 10 10 10 10 10 10 10 10 10 10 10 10 10 10 10 10 10 10 10 10 10 10 10 10 10 10 10 10 10 10 
10 10 10 10 10 10 10 10 10 10 10 10 10 10 10 10 10 10 10 10 10 10 10 10 10 10 10 10 10 10 10 10 10 10 10 10 10 10 10 10 10 10 10 10 10 10 10 10 10 10 
10 10 10 10 10 10 10 10 10 10 10 10 10 10 10 10 10 10 10 10 10 10 10 10 10 10 10 10 10 10 10 10 10 10 10 10 10 10 10 10 10 10 10 10 10 10 10 10 10 10 
10 10 10 10 10 10 10 10 10 10 10 10 10 10 10 10 10 10 10 10 10 10 10 10 10 10 10 10 10 10 10 10 10 10 10 10 10 10 10 10 10 10 10 10 10 10 10 10 10 10 
10 10 10 10 10 10 10 10 10 10 10 10 10 10 10 10 10 10 10 10 10 10 10 10 10 10 10 10 10 10 10 10 10 10 10 10 10 10 10 10 10 10 10 10 10 10 10 10 10 10 
10 10 10 10 10 10 10 10 10 10 10 10 10 10 10 10 10 10 10 10 10 10 10 10 10 10 10 10 10 10 10 10 10 10 10 10 10 10 10 10 10 10 10 10 10 10 10 10 10 10 
10 10 10 10 10 10 10 10 10 10 10 10 10 10 10 10 10 10 10 10 10 10 10 10 10 10 10 10 10 10 10 10 10 10 10 10 10 10 10 10 10 10 10 10 10 10 10 10 10 10 
10 10 10 10 10 10 10 10 10 10 10 10 10 10 10 10 10 10 10 10 10 10 10 10 10 10 10 10 10 10 10 10 10 10 10 10 10 10 10 10 10 10 10 10 10 10 10 10 10 10 
10 10 10 10 10 10 10 10 10 10 10 10 10 10 10 10 10 10 10 10 10 10 10 10 10 10 10 10 10 10 10 10 10 10 10 10 10 10 10 10 10 10 10 10 10 10 10 10 10 10 
10 10 10 10 10 10 10 10 10 10 10 10 10 10 10 10 10 10 10 10 10 10 10 10 10 10 10 10 10 10 10 10 10 10 10 10 10 10 10 10 10 10 10 10 10 10 10 10 10 10 
10 10 10 10 10 10 10 10 10 10 10 10 10 10 10 10 10 10 10 10 10 10 10 10 10 10 10 10 10 10 10 10 10 10 10 10 10 10 10 10 10 10 10 10 10 10 10 10 10 10 
10 10 10 10 10 10 10 10 10 10 10 10 10 10 10 10 10 10 10 10 10 10 10 10 10 10 10 10 10 10 10 10 10 10 10 10 10 10 10 10 10 10 10 10 10 10 10 10 10 10 
10 10.0341 10.0689 10.105 10.1429 10.1833 10.2266 10.2731 10.3232 10.3769 10.4341 10.4947 10.5582 10.6241 10.6915 10.7595 10.827 10.8926 10.9551 11.013 11.0649 11.1095 11.1456 11.1721 11.1883 11.1938 11.1883 11.172 11.1454 11.1093 11.0646 11.0126 10.9545 10.8918 10.8259 10.758 10.6895 10.6215 10.5549 10.4904 10.4286 10.37 10.3145 10.2623 10.2132 10.1669 10.123 10.0809 10.0401 10 
10 10.0689 10.1391 10.212 10.2886 10.3703 10.4578 10.5519 10.6532 10.7619 10.8778 11.0006 11.1294 11.2631 11.4 11.5381 11.6752 11.8087 11.9359 12.0537 12.1594 12.2502 12.3237 12.3778 12.4108 12.4219 12.4107 12.3776 12.3234 12.2498 12.1588 12.0528 11.9346 11.807 11.673 11.5351 11.396 11.2579 11.1227 10.992 10.8668 10.748 10.6357 10.5301 10.4309 10.3372 10.2484 10.1635 10.0811 10 
10 10.105 10.212 10.323 10.4399 10.5645 10.6981 10.842 10.9968 11.1631 11.3407 11.5289 11.7265 11.9318 12.1422 12.3547 12.5659 12.7717 12.9678 13.1497 13.313 13.4534 13.5671 13.6507 13.7019 13.7191 13.7018 13.6504 13.5666 13.4527 13.312 13.1483 12.9659 12.7691 12.5624 12.3501 12.1361 11.9239 11.7163 11.5158 11.324 11.142 10.9703 10.8088 10.6571 10.5142 10.3788 10.2492 10.1236 10 
10 10.1429 10.2886 10.4399 10.5994 10.7693 10.9518 11.1485 11.3604 11.5882 11.8318 12.0902 12.3619 12.6445 12.9345 13.2279 13.5197 13.8045 14.0762 14.3286 14.5554 14.7505 14.9086 15.025 15.0963 15.1202 15.0961 15.0246 14.9079 14.7495 14.554 14.3267 14.0736 13.801 13.5151 13.2217 12.9263 12.6338 12.3481 12.0724 11.8091 11.5595 11.3243 11.1035 10.8961 10.701 10.5162 10.3395 10.1683 10 
10 10.1833 10.3703 10.5645 10.7693 10.9879 11.2228 11.4763 11.7498 12.0443 12.3595 12.6946 13.0474 13.4149 13.7928 14.1756 14.5571 14.93 15.2864 15.6179 15.9161 16.1731 16.3815 16.535 16.6291 16.6607 16.6289 16.5345 16.3806 16.1719 15.9144 15.6155 15.2831 14.9256 14.5512 14.1677 13.7823 13.4013 13.0298 12.6719 12.3305 12.0076 11.7037 11.4187 11.1516 10.9004 10.6628 10.4358 10.2161 10 
10 10.2266 10.4578 10.6981 10.9518 11.2228 11.5145 11.8297 12.1704 12.5377 12.9317 13.3513 13.7939 14.2559 14.7319 15.2152 15.6978 16.1704 16.623 17.0448 17.425 17.7531 18.0194 18.216 18.3364 18.3769 18.3361 18.2153 18.0184 17.7516 17.4229 17.0419 16.619 16.1649 15.6904 15.2054 14.7191 14.2391 13.7722 13.3233 12.8961 12.4925 12.1136 11.7588 11.4268 11.115 10.8205 10.5393 10.2673 10 
10 10.2731 10.5519 10.842 11.1485 11.4763 11.8297 12.2122 12.6264 13.0739 13.5549 14.0683 14.6111 15.179 15.7655 16.3625 16.9602 17.547 18.1103 18.6366 19.1118 19.5227 19.8569 20.1037 20.2552 20.3061 20.2548 20.103 19.8557 19.5209 19.1093 18.633 18.1055 17.5405 16.9514 16.3509 15.7501 15.1589 14.5851 14.0348 13.5122 13.0198 12.5583 12.1271 11.7243 11.3468 10.9905 10.6508 10.3225 10 
10 10.3232 10.6532 10.9968 11.3604 11.7498 12.1704 12.6264 13.1214 13.6572 14.2345 14.8522 15.5071 16.1941 16.9058 17.6323 18.3618 19.0802 19.7718 20.4197 21.0063 21.5147 21.9289 22.2354 22.4236 22.4869 22.4232 22.2345 21.9275 21.5126 21.0033 20.4155 19.7661 19.0725 18.3515 17.6186 16.8878 16.1706 15.4766 14.8129 14.1843 13.5935 13.0412 12.5263 12.0462 11.5971 11.174 10.7711 10.3821 10 
10 10.3769 10.7619 11.1631 11.5882 12.0443 12.5377 13.0739 13.6572 14.2903 14.9742 15.7079 16.4883 17.3094 18.1628 19.0371 19.918 20.7886 21.6296 22.4201 23.1382 23.7622 24.2718 24.6495 24.8818 24.96 24.8813 24.6485 24.2701 23.7597 23.1347 22.4153 21.6231 20.7797 19.9061 19.0213 18.142 17.2822 16.453 15.6624 14.916 14.2164 13.5642 12.9577 12.3935 11.8668 11.3715 10.9004 10.446 10 
10 10.4341 10.8778 11.3407 11.8318 12.3595 12.9317 13.5549 14.2345 14.9742 15.7755 16.6381 17.5584 18.5303 19.5443 20.5871 21.6421 22.6891 23.7047 24.6631 25.537 26.2989 26.9229 27.3865 27.672 27.7683 27.6715 27.3854 26.9211 26.2961 25.533 24.6576 23.6972 22.6789 21.6285 20.569 19.5205 18.4992 17.518 16.586 15.709 14.8897 14.128 13.4218 12.7664 12.1559 11.5829 11.0388 10.5144 10 
10 10.4947 11.0006 11.5289 12.0902 12.6946 13.3513 14.0683 14.8522 15.7079 16.6381 17.6426 18.7185 19.8592 21.0543 22.289 23.5441 24.7956 26.0156 27.1724 28.2319 29.1594 29.9218 30.4896 30.8399 30.9582 30.8393 30.4883 29.9197 29.1563 28.2275 27.1662 26.0072 24.7842 23.5288 22.2687 21.0275 19.8241 18.6728 17.5837 16.5627 15.6123 14.7316 13.9173 13.1638 12.4635 11.8075 11.1856 10.5869 10 
10 10.5582 11.1294 11.7265 12.3619 13.0474 13.7939 14.6111 15.5071 16.4883 17.5584 18.7185 19.9661 21.2947 22.6934 24.1458 25.6301 27.1187 28.5782 29.9699 31.2516 32.3793 33.31 34.0054 34.4355 34.5808 34.4348 34.004 33.3076 32.3758 31.2467 29.9631 28.5688 27.106 25.613 24.123 22.6633 21.2554 19.915 18.6526 17.474 16.3811 15.3719 14.4417 13.5834 12.7877 12.0439 11.34 10.6632 10 
10 10.6241 11.2631 11.9318 12.6445 13.4149 14.2559 15.179 16.1941 17.3094 18.5303 19.8592 21.2947 22.831 24.4568 26.1549 27.9012 29.6641 31.4042 33.0751 34.6241 35.9951 37.1325 37.9857 38.5146 38.6936 38.5139 37.9842 37.13 35.9913 34.6186 33.0675 31.3938 29.65 27.8823 26.1297 24.4235 22.7874 21.2381 19.7861 18.4367 17.1904 16.0439 14.9907 14.0217 13.1257 12.2901 11.5006 10.7424 10 
10 10.6915 11.4 12.1422 12.9345 13.7928 14.7319 15.7655 16.9058 18.1628 19.5443 21.0543 22.6934 24.4568 26.3341 28.3077 30.3517 32.431 34.5001 36.5033 38.3755 40.0451 41.4389 42.4892 43.1419 43.363 43.1411 42.4875 41.4362 40.041 38.3696 36.495 34.4887 32.4155 30.3309 28.28 26.2976 24.4089 22.6311 20.974 19.4413 18.0318 16.7403 15.558 14.4736 13.4737 12.5431 11.6655 10.8237 10 
10 10.7595 11.5381 12.3547 13.2279 14.1756 15.2152 16.3625 17.6323 19.0371 20.5871 22.289 24.1458 26.1549 28.3077 30.5873 32.9674 35.4101 37.8642 40.264 42.5295 44.569 46.2848 47.5845 48.3938 48.6681 48.393 47.5827 46.2819 44.5645 42.5231 40.255 37.8518 35.3933 32.9448 30.5572 28.2679 26.1028 24.0779 22.2014 20.4747 18.8941 17.4516 16.1358 14.9328 13.8265 12.7993 11.8323 10.9059 10 
10 10.827 11.6752 12.5659 13.5197 14.5571 15.6978 16.9602 18.3618 19.918 21.6421 23.5441 25.6301 27.9012 30.3517 32.9674 35.7233 38.5807 41.484 44.3578 47.105 49.6079 51.7349 53.3553 54.3638 54.7049 54.3629 53.3534 51.7318 49.6032 47.0982 44.3482 41.4707 38.5626 35.699 32.9349 30.3088 27.8449 25.5568 23.4494 21.5206 19.7633 18.1662 16.7147 15.3918 14.1785 13.0545 11.9983 10.9877 10 
10 10.8926 11.8087 12.7717 13.8045 14.93 16.1704 17.547 19.0802 20.7886 22.6891 24.7956 27.1187 29.6641 32.431 35.4101 38.5807 41.9065 45.3308 48.7708 52.1116 55.2037 57.8668 59.9086 61.169 61.5918 61.1681 59.9067 57.8636 55.1988 52.1044 48.7606 45.3167 41.8872 38.5547 35.3754 32.385 29.6038 27.0402 24.6941 22.5588 20.6226 18.8702 17.2833 15.8416 14.5228 13.3038 12.1603 11.0674 10 
10 10.9551 11.9359 12.9678 14.0762 15.2864 16.623 18.1103 19.7718 21.6296 23.7047 26.0156 28.5782 31.4042 34.5001 37.8642 41.484 45.3308 49.353 53.4663 57.5417 61.3943 64.7777 67.3946 68.9587 69.4706 68.9579 67.3927 64.7746 61.3893 57.5343 53.4557 49.3382 45.3104 41.4564 37.8273 34.4513 31.3402 28.4947 25.9076 23.5661 21.453 19.5482 17.8295 16.2725 14.8521 13.5419 12.3148 11.1434 10 
10 11.013 12.0537 13.1497 14.3286 15.6179 17.0448 18.6366 20.4197 22.4201 24.6631 27.1724 29.9699 33.0751 36.5033 40.264 44.3578 48.7708 53.4663 58.3708 63.3535 68.2006 72.5901 76.0589 77.9207 78.4921 77.92 76.0572 72.5871 68.1957 63.346 58.3598 53.4508 48.7494 44.3288 40.2252 36.4519 33.0076 29.8819 27.0585 24.5169 22.2337 20.1836 18.3399 16.6745 15.1587 13.7632 12.4584 11.214 10 
10 11.0649 12.1594 13.313 14.5554 15.9161 17.425 19.1118 21.0063 23.1382 25.537 28.2319 31.2516 34.6241 38.3755 42.5295 47.105 52.1116 57.5417 63.3535 69.4408 75.5873 81.4301 86.4238 88.2599 88.7417 88.2595 86.4227 81.4276 75.5828 69.4334 63.3424 57.5258 52.0895 47.0748 42.4891 38.3218 34.5535 31.1596 28.1128 25.384 22.9431 20.7592 18.8011 17.0369 15.4347 13.9623 12.5874 11.2774 10 
10 11.1095 12.2502 13.4534 14.7505 16.1731 17.7531 19.5227 21.5147 23.7622 26.2989 29.1594 32.3793 35.9951 40.0451 44.569 49.6079 55.2037 61.3943 68.2006 75.5873 83.3733 91.1921 100 100 100 100 100 91.1906 83.3695 75.5803 68.1895 61.3781 55.1809 49.5768 44.5271 39.9895 35.922 32.2839 29.0359 26.1401 23.5596 21.2581 19.2 17.3498 15.6727 14.1337 12.6984 11.3319 10 
10 11.1456 12.3237 13.5671 14.9086 16.3815 18.0194 19.8569 21.9289 24.2718 26.9229 29.9218 33.31 37.1325 41.4389 46.2848 51.7349 57.8668 64.7777 72.5901 81.4301 91.1921 100 100 100 100 100 100 100 91.1896 81.4237 72.5792 64.7613 57.8436 51.703 46.2418 41.3818 37.0573 33.2118 29.7946 26.7595 24.0633 21.6647 19.5244 17.604 15.8657 14.2727 12.7883 11.3761 10 
10 11.1721 12.3778 13.6507 15.025 16.535 18.216 20.1037 22.2354 24.6495 27.3865 30.4896 34.0054 37.9857 42.4892 47.5845 53.3553 59.9086 67.3946 76.0589 86.4238 100 100 100 100 100 100 100 100 100 86.4184 76.0483 67.3781 59.8851 53.3228 47.5407 42.4309 37.909 33.9053 30.3598 27.2197 24.4366 21.9656 19.7642 17.7915 16.0081 14.3751 12.8545 11.4086 10 
10 11.1883 12.4108 13.7019 15.0963 16.6291 18.3364 20.2552 22.4236 24.8818 27.672 30.8399 34.4355 38.5146 43.1419 48.3938 54.3638 61.169 68.9587 77.9207 88.2599 100 100 100 100 100 100 100 100 100 88.2548 77.9103 68.9422 61.1453 54.331 48.3495 43.0829 38.4369 34.3341 30.7086 27.5032 24.6662 22.1504 19.9113 17.9065 16.0953 14.4378 12.895 11.4285 10 
10 11.1938 12.4219 13.7191 15.1202 16.6607 18.3769 20.3061 22.4869 24.96 27.7683 30.9582 34.5808 38.6936 43.363 48.6681 54.7049 61.5918 69.4706 78.4921 88.7417 100 100 100 100 100 100 100 100 100 88.7366 78.4817 69.4541 61.568 54.672 48.6236 43.3038 38.6156 34.479 30.8263 27.5987 24.7436 22.2126 19.9608 17.9452 16.1246 14.4589 12.9086 11.4352 10 
10 11.1883 12.4107 13.7018 15.0961 16.6289 18.3361 20.2548 22.4232 24.8813 27.6715 30.8393 34.4348 38.5139 43.1411 48.393 54.3629 61.1681 68.9579 77.92 88.2595 100 100 100 100 100 100 100 100 100 88.2544 77.9096 68.9414 61.1444 54.3301 48.3487 43.0821 38.4362 34.3334 30.708 27.5026 24.6657 22.15 19.9109 17.9062 16.0951 14.4376 12.8949 11.4284 10 
10 11.172 12.3776 13.6504 15.0246 16.5345 18.2153 20.103 22.2345 24.6485 27.3854 30.4883 34.004 37.9842 42.4875 47.5827 53.3534 59.9067 67.3927 76.0572 86.4227 100 100 100 100 100 100 100 100 100 86.4173 76.0466 67.3763 59.8832 53.3209 47.5389 42.4292 37.9074 33.9038 30.3586 27.2186 24.4356 21.9648 19.7635 17.7909 16.0076 14.3747 12.8543 11.4085 10 
10 11.1454 12.3234 13.5666 14.9079 16.3806 18.0184 19.8557 21.9275 24.2701 26.9211 29.9197 33.3076 37.13 41.4362 46.2819 51.7318 57.8636 64.7746 72.5871 81.4276 91.1906 100 100 100 100 100 100 100 91.1881 81.4212 72.5762 64.7582 57.8404 51.6999 46.2389 41.379 37.0548 33.2095 29.7926 26.7577 24.0617 21.6634 19.5233 17.603 15.865 14.2721 12.7879 11.3759 10 
10 11.1093 12.2498 13.4527 14.7495 16.1719 17.7516 19.5209 21.5126 23.7597 26.2961 29.1563 32.3758 35.9913 40.041 44.5645 49.6032 55.1988 61.3893 68.1957 75.5828 83.3695 91.1896 100 100 100 100 100 91.1881 83.3657 75.5757 68.1846 61.3731 55.176 49.5721 44.5226 39.9854 35.9182 32.2804 29.0328 26.1374 23.5573 21.2561 19.1982 17.3484 15.6716 14.1329 12.6978 11.3317 10 
10 11.0646 12.1588 13.312 14.554 15.9144 17.4229 19.1093 21.0033 23.1347 25.533 28.2275 31.2467 34.6186 38.3696 42.5231 47.0982 52.1044 57.5343 63.346 69.4334 75.5803 81.4237 86.4184 88.2548 88.7366 88.2544 86.4173 81.4212 75.5757 69.426 63.3348 57.5183 52.0823 47.068 42.4827 38.3159 34.5481 31.1547 28.1084 25.3801 22.9397 20.7563 18.7986 17.0349 15.4331 13.9611 12.5866 11.277 10 
10 11.0126 12.0528 13.1483 14.3267 15.6155 17.0419 18.633 20.4155 22.4153 24.6576 27.1662 29.9631 33.0675 36.495 40.255 44.3482 48.7606 53.4557 58.3598 63.3424 68.1895 72.5792 76.0483 77.9103 78.4817 77.9096 76.0466 72.5762 68.1846 63.3348 58.3489 53.4402 48.7393 44.3192 40.2163 36.4436 33 29.8751 27.0524 24.5115 22.229 20.1796 18.3365 16.6717 15.1565 13.7616 12.4573 11.2135 10 
10 10.9545 11.9346 12.9659 14.0736 15.2831 16.619 18.1055 19.7661 21.6231 23.6972 26.0072 28.5688 31.3938 34.4887 37.8518 41.4707 45.3167 49.3382 53.4508 57.5258 61.3781 64.7613 67.3781 68.9422 69.4541 68.9414 67.3763 64.7582 61.3731 57.5183 53.4402 49.3233 45.2963 41.4432 37.815 34.4399 31.3298 28.4853 25.8993 23.5587 21.4466 19.5427 17.8248 16.2687 14.8491 13.5397 12.3134 11.1427 10 
10 10.8918 11.807 12.7691 13.801 14.9256 16.1649 17.5405 19.0725 20.7797 22.6789 24.7842 27.106 29.65 32.4155 35.3933 38.5626 41.8872 45.3104 48.7494 52.0895 55.1809 57.8436 59.8851 61.1453 61.568 61.1444 59.8832 57.8404 55.176 52.0823 48.7393 45.2963 41.8679 38.5366 35.3586 32.3696 29.5897 27.0275 24.6828 22.5488 20.6139 18.8628 17.2771 15.8364 14.5188 13.3008 12.1583 11.0664 10 
10 10.8259 11.673 12.5624 13.5151 14.5512 15.6904 16.9514 18.3515 19.9061 21.6285 23.5288 25.613 27.8823 30.3309 32.9448 35.699 38.5547 41.4564 44.3288 47.0748 49.5768 51.703 53.3228 54.331 54.672 54.3301 53.3209 51.6999 49.5721 47.068 44.3192 41.4432 38.5366 35.6747 32.9124 30.2881 27.8261 25.5398 23.4342 21.5072 19.7517 18.1562 16.7063 15.3849 14.1731 13.0505 11.9957 10.9864 10 
10 10.758 11.5351 12.3501 13.2217 14.1677 15.2054 16.3509 17.6186 19.0213 20.569 22.2687 24.123 26.1297 28.28 30.5572 32.9349 35.3754 37.8273 40.2252 42.4891 44.5271 46.2418 47.5407 48.3495 48.6236 48.3487 47.5389 46.2389 44.5226 42.4827 40.2163 37.815 35.3586 32.9124 30.5272 28.2403 26.0777 24.0553 22.1813 20.457 18.8787 17.4384 16.1247 14.9237 13.8194 12.794 11.8288 10.9042 10 
10 10.6895 11.396 12.1361 12.9263 13.7823 14.7191 15.7501 16.8878 18.142 19.5205 21.0275 22.6633 24.4235 26.2976 28.2679 30.3088 32.385 34.4513 36.4519 38.3218 39.9895 41.3818 42.4309 43.0829 43.3038 43.0821 42.4292 41.379 39.9854 38.3159 36.4436 34.4399 32.3696 30.2881 28.2403 26.2612 24.3758 22.6013 20.9474 19.4178 18.0114 16.7228 15.5433 14.4616 13.4642 12.5361 11.6609 10.8214 10 
10 10.6215 11.2579 11.9239 12.6338 13.4013 14.2391 15.1589 16.1706 17.2822 18.4992 19.8241 21.2554 22.7874 24.4089 26.1028 27.8449 29.6038 31.3402 33.0076 34.5535 35.922 37.0573 37.909 38.4369 38.6156 38.4362 37.9074 37.0548 35.9182 34.5481 33 31.3298 29.5897 27.8261 26.0777 24.3758 22.744 21.199 19.7513 18.406 17.1637 16.021 14.9715 14.006 13.1134 12.2809 11.4946 10.7394 10 
10 10.5549 11.1227 11.7163 12.3481 13.0298 13.7722 14.5851 15.4766 16.453 17.518 18.6728 19.915 21.2381 22.6311 24.0779 25.5568 27.0402 28.4947 29.8819 31.1596 32.2839 33.2118 33.9053 34.3341 34.479 34.3334 33.9038 33.2095 32.2804 31.1547 29.8751 28.4853 27.0275 25.5398 24.0553 22.6013 21.199 19.8643 18.6074 17.4342 16.3465 15.3422 14.4169 13.5631 12.7717 12.0321 11.3322 10.6593 10 
10 10.4904 10.992 11.5158 12.0724 12.6719 13.3233 14.0348 14.8129 15.6624 16.586 17.5837 18.6526 19.7861 20.974 22.2014 23.4494 24.6941 25.9076 27.0585 28.1128 29.0359 29.7946 30.3598 30.7086 30.8263 30.708 30.3586 29.7926 29.0328 28.1084 27.0524 25.8993 24.6828 23.4342 22.1813 20.9474 19.7513 18.6074 17.5254 16.5114 15.5677 14.6934 13.8853 13.1376 12.4429 11.7922 11.1755 10.5819 10 
10 10.4286 10.8668 11.324 11.8091 12.3305 12.8961 13.5122 14.1843 14.916 15.709 16.5627 17.474 18.4367 19.4413 20.4747 21.5206 22.5588 23.5661 24.5169 25.384 26.1401 26.7595 27.2197 27.5032 27.5987 27.5026 27.2186 26.7577 26.1374 25.3801 24.5115 23.5587 22.5488 21.5072 20.457 19.4178 18.406 17.4342 16.5114 15.6433 14.8326 14.0793 13.3808 12.733 12.1296 11.5634 11.0259 10.508 10 
10 10.37 10.748 11.142 11.5595 12.0076 12.4925 13.0198 13.5935 14.2164 14.8897 15.6123 16.3811 17.1904 18.0318 18.8941 19.7633 20.6226 21.453 22.2337 22.9431 23.5596 24.0633 24.4366 24.6662 24.7436 24.6657 24.4356 24.0617 23.5573 22.9397 22.229 21.4466 20.6139 19.7517 18.8787 18.0114 17.1637 16.3465 15.5677 14.8326 14.144 13.5023 12.9058 12.3512 11.8335 11.3469 10.8842 10.438 10 
10 10.3145 10.6357 10.9703 11.3243 11.7037 12.1136 12.5583 13.0412 13.5642 14.128 14.7316 15.3719 16.0439 16.7403 17.4516 18.1662 18.8702 19.5482 20.1836 20.7592 21.2581 21.6647 21.9656 22.1504 22.2126 22.15 21.9648 21.6634 21.2561 20.7563 20.1796 19.5427 18.8628 18.1562 17.4384 16.7228 16.021 15.3422 14.6934 14.0793 13.5023 12.9632 12.461 11.9929 11.5552 11.1431 10.7507 10.3719 10 
10 10.2623 10.5301 10.8088 11.1035 11.4187 11.7588 12.1271 12.5263 12.9577 13.4218 13.9173 14.4417 14.9907 15.558 16.1358 16.7147 17.2833 17.8295 18.3399 18.8011 19.2 19.5244 19.7642 19.9113 19.9608 19.9109 19.7635 19.5233 19.1982 18.7986 18.3365 17.8248 17.2771 16.7063 16.1247 15.5433 14.9715 14.4169 13.8853 13.3808 12.9058 12.461 12.0456 11.6578 11.2945 10.9519 10.6254 10.3099 10 
10 10.2132 10.4309 10.6571 10.8961 11.1516 11.4268 11.7243 12.0462 12.3935 12.7664 13.1638 13.5834 14.0217 14.4736 14.9328 15.3918 15.8416 16.2725 16.6745 17.0369 17.3498 17.604 17.7915 17.9065 17.9452 17.9062 17.7909 17.603 17.3484 17.0349 16.6717 16.2687 15.8364 15.3849 14.9237 14.4616 14.006 13.5631 13.1376 12.733 12.3512 11.9929 11.6578 11.3444 11.0503 10.7727 10.5078 10.2517 10 
10 10.1669 10.3372 10.5142 10.701 10.9004 11.115 11.3468 11.5971 11.8668 12.1559 12.4635 12.7877 13.1257 13.4737 13.8265 14.1785 14.5228 14.8521 15.1587 15.4347 15.6727 15.8657 16.0081 16.0953 16.1246 16.0951 16.0076 15.865 15.6716 15.4331 15.1565 14.8491 14.5188 14.1731 13.8194 13.4642 13.1134 12.7717 12.4429 12.1296 11.8335 11.5552 11.2945 11.0503 10.821 10.6042 10.3972 10.1969 10 
10 10.123 10.2484 10.3788 10.5162 10.6628 10.8205 10.9905 11.174 11.3715 11.5829 11.8075 12.0439 12.2901 12.5431 12.7993 13.0545 13.3038 13.5419 13.7632 13.9623 14.1337 14.2727 14.3751 14.4378 14.4589 14.4376 14.3747 14.2721 14.1329 13.9611 13.7616 13.5397 13.3008 13.0505 12.794 12.5361 12.2809 12.0321 11.7922 11.5634 11.3469 11.1431 10.9519 10.7727 10.6042 10.4448 10.2924 10.145 10 
10 10.0809 10.1635 10.2492 10.3395 10.4358 10.5393 10.6508 10.7711 10.9004 11.0388 11.1856 11.34 11.5006 11.6655 11.8323 11.9983 12.1603 12.3148 12.4584 12.5874 12.6984 12.7883 12.8545 12.895 12.9086 12.8949 12.8543 12.7879 12.6978 12.5866 12.4573 12.3134 12.1583 11.9957 11.8288 11.6609 11.4946 11.3322 11.1755 11.0259 10.8842 10.7507 10.6254 10.5078 10.3972 10.2924 10.1923 10.0953 10 
10 10.0401 10.0811 10.1236 10.1683 10.2161 10.2673 10.3225 10.3821 10.446 10.5144 10.5869 10.6632 10.7424 10.8237 10.9059 10.9877 11.0674 11.1434 11.214 11.2774 11.3319 11.3761 11.4086 11.4285 11.4352 11.4284 11.4085 11.3759 11.3317 11.277 11.2135 11.1427 11.0664 10.9864 10.9042 10.8214 10.7394 10.6593 10.5819 10.508 10.438 10.3719 10.3099 10.2517 10.1969 10.145 10.0953 10.0473 10 
10 10 10 10 10 10 10 10 10 10 10 10 10 10 10 10 10 10 10 10 10 10 10 10 10 10 10 10 10 10 10 10 10 10 10 10 10 10 10 10 10 10 10 10 10 10 10 10 10 10 
10 10 10 10 10 10 10 10 10 10 10 10 10 10 10 10 10 10 10 10 10 10 10 10 10 10 10 10 10 10 10 10 10 10 10 10 10 10 10 10 10 10 10 10 10 10 10 10 10 10 
10 10.0988 10.1979 10.2976 10.3981 10.4997 10.6025 10.7065 10.8116 10.9177 11.0244 11.1313 11.2378 11.3432 11.4466 11.5469 11.643 11.7338 11.8178 11.8939 11.9608 12.0172 12.0622 12.0948 12.1144 12.1205 12.1131 12.0921 12.0581 12.0117 11.9536 11.885 11.8069 11.7207 11.6275 11.5287 11.4254 11.3187 11.2095 11.0989 10.9874 10.8757 10.7641 10.6531 10.5427 10.433 10.3241 10.2157 10.1077 10 
10 10.1979 10.3964 10.5962 10.7976 11.0012 11.2073 11.4158 11.6267 11.8396 12.0539 12.2688 12.4829 12.6949 12.9029 13.1049 13.2986 13.4815 13.651 13.8045 13.9395 14.0535 14.1444 14.2103 14.2499 14.2623 14.2473 14.205 14.1363 14.0424 13.9252 13.7867 13.6292 13.4553 13.2676 13.0685 12.8605 12.6457 12.4263 12.2039 11.98 11.7556 11.5318 11.309 11.0876 10.8677 10.6493 10.4321 10.2158 10 
10 10.2976 10.5962 10.8966 11.1997 11.5062 11.8165 12.1307 12.4487 12.77 13.0936 13.4183 13.7423 14.0632 14.3784 14.6848 14.9789 15.2569 15.5148 15.7486 15.9543 16.1281 16.2667 16.3674 16.4278 16.4469 16.4239 16.3594 16.2546 16.1115 15.9328 15.7218 15.4821 15.2177 14.9325 14.6303 14.3148 13.9895 13.6574 13.321 12.9827 12.644 12.3063 11.9704 11.6368 11.3057 10.977 10.6501 10.3247 10 
10 10.3981 10.7976 11.1997 11.6057 12.0163 12.4322 12.8538 13.2808 13.7127 14.1482 14.5856 15.0226 15.4561 15.8824 16.2974 16.6962 17.0737 17.4244 17.7427 18.0231 18.2603 18.4496 18.5871 18.6699 18.6959 18.6646 18.5766 18.4334 18.2381 17.9945 17.7071 17.381 17.0216 16.6343 16.2247 15.7976 15.3579 14.9095 14.4559 14.0002 13.5446 13.0908 12.6398 12.1924 11.7485 11.308 10.8703 10.4346 10 
10 10.4997 11.0012 11.5062 12.0163 12.5326 13.056 13.5871 14.1256 14.671 15.2217 15.7758 16.3301 16.8809 17.4236 17.9527 18.4622 18.9454 19.3949 19.8037 20.1642 20.4696 20.7137 20.8912 20.9981 21.0319 20.9916 20.8781 20.6936 20.4421 20.1286 19.7592 19.3407 18.8803 18.385 17.862 17.3178 16.7582 16.1887 15.6137 15.0368 14.4609 13.888 13.3194 12.7558 12.1972 11.6433 11.0933 10.5459 10 
10 10.6025 11.2073 11.8165 12.4322 13.056 13.6891 14.3322 14.9853 15.6477 16.3178 16.9931 17.6701 18.3443 19.0099 19.6604 20.2882 20.8848 21.4412 21.948 22.396 22.7762 23.0804 23.302 23.4356 23.4779 23.4278 23.2863 23.0564 22.7432 22.3534 21.8949 21.3763 20.8069 20.1958 19.5518 18.8832 18.1973 17.5007 16.7988 16.096 15.3956 14.7 14.0107 13.3283 12.6528 11.9835 11.3193 10.6587 10 
10 10.7065 11.4158 12.1307 12.8538 13.5871 14.3322 15.0902 15.8613 16.6448 17.439 18.2412 19.0473 19.852 20.6487 21.4293 22.1847 22.9046 23.5777 24.1925 24.7371 25.2003 25.5718 25.8426 26.0062 26.0583 25.9972 25.8244 25.5439 25.1621 24.6877 24.1308 23.5024 22.8141 22.0773 21.3029 20.5012 19.6809 18.85 18.0147 17.1804 16.3507 15.5283 14.7148 13.9107 13.1157 12.3289 11.5487 10.7732 10 
10 10.8116 11.6267 12.4487 13.2808 14.1256 14.9853 15.8613 16.7541 17.6632 18.5869 19.5223 20.4649 21.4086 22.3457 23.267 24.1613 25.0164 25.8186 26.5536 27.2065 27.7633 28.2108 28.5378 28.7356 28.7988 28.7254 28.5171 28.1792 27.7199 27.1504 26.4834 25.733 24.9135 24.0391 23.1231 22.1777 21.2136 20.2398 19.264 18.2917 17.3273 16.3736 15.4321 14.5031 13.586 12.6795 11.7814 10.8892 10 
10 10.9177 11.8396 12.77 13.7127 14.671 15.6477 16.6448 17.6632 18.7027 19.7618 20.8374 21.9246 23.017 24.1056 25.1797 26.2266 27.2314 28.1776 29.0477 29.8236 30.4872 31.022 31.4138 31.6513 31.7275 31.6399 31.3907 30.9868 30.4388 29.7609 28.9694 28.0819 27.1163 26.0898 25.0187 23.9173 22.7984 21.6723 20.5475 19.4303 18.3254 17.2355 16.162 15.1049 14.0632 13.0348 12.017 11.0066 10 
10 11.0244 12.0539 13.0936 14.1482 15.2217 16.3178 17.439 18.5869 19.7618 20.9623 22.1857 23.4267 24.6784 25.9309 27.1722 28.3873 29.559 30.6674 31.6913 32.608 33.3952 34.0317 34.4992 34.7833 34.875 34.7709 34.4739 33.993 33.3421 32.5392 31.6051 30.562 29.432 28.2363 26.9943 25.7229 24.4366 23.1475 21.8647 20.5951 19.3435 18.1125 16.9031 15.7148 14.546 13.3939 12.2549 11.1251 10 
10 11.1313 12.2688 13.4183 14.5856 15.7758 16.9931 18.2412 19.5223 20.8374 22.1857 23.5645 24.969 26.3917 27.822 29.2465 30.6484 32.0073 33.2999 34.5001 35.5802 36.512 37.2684 37.8258 38.1656 38.2757 38.1521 37.7985 37.2265 36.4543 35.5054 34.4064 33.1851 31.8689 30.4837 29.0523 27.5947 26.1274 24.6635 23.2131 21.7833 20.3788 19.0018 17.6528 16.3306 15.0326 13.7553 12.4943 11.2443 10 
10 11.2378 12.4829 13.7423 15.0226 16.3301 17.6701 19.0473 20.4649 21.9246 23.4267 24.969 26.547 28.1531 29.7764 31.4023 33.0119 34.582 36.0849 37.4894 38.761 39.8641 40.7639 41.4296 41.8366 41.9694 41.8222 41.4004 40.719 39.8023 38.6807 37.3887 35.9613 34.4328 32.834 31.1923 29.5305 27.8669 26.2159 24.5879 22.9901 21.4267 19.8992 18.4074 16.949 15.5206 14.1173 12.7336 11.3634 10 
10 11.3432 12.6949 14.0632 15.4561 16.8809 18.3443 19.852 21.4086 23.017 24.6784 26.3917 28.1531 29.9555 31.7881 33.6352 35.4765 37.2856 39.0305 40.6733 42.1717 43.4802 44.554 45.3519 45.8416 46.0022 45.8264 45.3211 44.5065 43.4148 42.0864 40.5661 38.8986 37.1262 35.2862 33.4103 31.5243 29.6483 27.7973 25.9819 24.2085 22.4807 20.7991 19.1619 17.566 16.0064 14.4772 12.9714 11.4817 10 
10 11.4466 12.9029 14.3784 15.8824 17.4236 19.0099 20.6487 22.3457 24.1056 25.9309 27.822 29.7764 31.7881 33.8466 35.9366 38.0361 40.1164 42.1406 44.0638 45.8335 47.3919 48.6796 49.6418 50.2345 50.4299 50.2187 49.6097 48.63 47.3233 45.7439 43.9508 42.0013 39.9476 37.8342 35.6975 33.5659 31.4608 29.3971 27.3847 25.4292 23.5326 21.6939 19.9102 18.1764 16.4861 14.832 13.2056 11.598 10 
10 11.5469 13.1049 14.6848 16.2974 17.9527 19.6604 21.4293 23.267 25.1797 27.1722 29.2465 31.4023 33.6352 35.9366 38.2916 40.6785 43.0664 45.4143 47.6693 49.7671 51.6334 53.189 54.3585 55.0813 55.3208 55.0652 54.3256 53.138 51.5625 49.674 47.5513 45.2683 42.8891 40.4659 38.0394 35.64 33.2891 31.0007 28.7832 26.6402 24.5717 22.5748 20.6445 18.7739 16.9548 15.1781 13.4338 11.7114 10 
10 11.643 13.2986 14.9789 16.6962 18.4622 20.2882 22.1847 24.1613 26.2266 28.3873 30.6484 33.0119 35.4765 38.0361 40.6785 43.3832 46.1192 48.8423 51.4921 53.9906 56.2424 58.1399 59.5762 60.4646 60.7597 60.4485 59.5432 58.0884 56.1701 53.895 51.3702 48.6908 45.9343 43.1609 40.4143 37.725 35.1128 32.5895 30.1607 27.8269 25.5856 23.4312 21.3561 19.3515 17.407 15.5115 13.6534 11.8204 10 
10 11.7338 13.4815 15.2569 17.0737 18.9454 20.8848 22.9046 25.0164 27.2314 29.559 32.0073 34.582 37.2856 40.1164 43.0664 46.1192 49.2463 52.4031 55.5239 58.5163 61.2587 63.6034 65.3913 66.4897 66.853 66.4742 65.3591 63.5525 61.1865 58.4196 55.3994 52.2473 49.0552 45.8885 42.7915 39.792 36.9059 34.1405 31.4971 28.9723 26.5598 24.2509 22.0353 19.9013 17.8365 15.8278 13.8614 11.9236 10 
10 11.8178 13.651 15.5148 17.4244 19.3949 21.4412 23.5777 25.8186 28.1776 30.6674 33.2999 36.0849 39.0305 42.1406 45.4143 48.8423 52.4031 56.0573 59.7384 63.3433 66.7213 69.6693 71.9395 73.2921 73.7302 73.2779 71.9096 69.6208 66.6508 63.2471 59.6129 55.8985 52.2071 48.6045 45.1301 41.8045 38.6364 35.6263 32.7693 30.0569 27.4782 25.0208 22.6712 20.4148 18.2369 16.1221 14.0549 12.0195 10 
10 11.8939 13.8045 15.7486 17.7427 19.8037 21.948 24.1925 26.5536 29.0477 31.6913 34.5001 37.4894 40.6733 44.0638 47.6693 51.4921 55.5239 59.7384 64.0796 68.4435 72.6565 76.4518 79.4413 81.0433 81.5314 81.0317 79.416 76.4084 72.5902 68.3501 63.9547 59.5783 55.3243 51.2487 47.3772 43.7175 40.2667 37.0156 33.9515 31.0595 28.3235 25.727 23.2526 20.8833 18.6015 16.3897 14.2306 12.1065 10 
10 11.9608 13.9395 15.9543 18.0231 20.1642 22.396 24.7371 27.2065 29.8236 32.608 35.5802 38.761 42.1717 45.8335 49.7671 53.9906 58.5163 63.3433 68.4435 73.7355 79.0447 84.071 88.3575 89.933 90.3444 89.926 88.3408 84.0364 78.9859 73.6473 68.3214 63.1833 58.3146 53.7429 49.4686 45.4787 41.7544 38.2742 35.0161 31.9579 29.0779 26.355 23.7684 21.2978 18.9235 16.6259 14.3855 12.1832 10 
10 12.0172 14.0535 16.1281 18.2603 20.4696 22.7762 25.2003 27.7633 30.4872 33.3952 36.512 39.8641 43.4802 47.3919 51.6334 56.2424 61.2587 66.7213 72.6565 79.0447 85.7431 92.451 100 100 100 100 100 92.4308 85.6964 78.9646 72.5389 66.563 61.0562 55.9917 51.33 47.0303 43.0542 39.3665 35.9349 32.7298 29.7236 26.8909 24.2074 21.65 19.1967 16.8259 14.5166 12.2481 10 
10 12.0622 14.1444 16.2667 18.4496 20.7137 23.0804 25.5718 28.2108 31.022 34.0317 37.2684 40.7639 44.554 48.6796 53.189 58.1399 63.6034 69.6693 76.4518 84.071 92.451 100 100 100 100 100 100 100 92.4223 84.0021 76.3404 69.5136 63.401 57.8874 52.882 48.3128 44.1212 40.258 36.6813 33.3543 30.2444 27.3219 24.5597 21.9322 19.4153 16.9858 14.6213 12.2999 10 
10 12.0948 14.2103 16.3674 18.5871 20.8912 23.302 25.8426 28.5378 31.4138 34.4992 37.8258 41.4296 45.3519 49.6418 54.3585 59.5762 65.3913 71.9395 79.4413 88.3575 100 100 100 100 100 100 100 100 100 88.3012 79.3361 71.7866 65.1895 59.3226 54.0492 49.2714 44.9144 40.9177 37.2315 33.8132 30.626 27.6371 24.8168 22.1378 19.5744 17.1021 14.6974 12.3376 10 
10 12.1144 14.2499 16.4278 18.6699 20.9981 23.4356 26.0062 28.7356 31.6513 34.7833 38.1656 41.8366 45.8416 50.2345 55.0813 60.4646 66.4897 73.2921 81.0433 89.933 100 100 100 100 100 100 100 100 100 89.8808 80.9413 73.141 66.2884 60.2106 54.7706 49.8621 45.4013 41.3213 37.567 34.0923 30.8575 27.8279 24.9723 22.2619 19.6703 17.1721 14.7432 12.3602 10 
10 12.1205 14.2623 16.4469 18.6959 21.0319 23.4779 26.0583 28.7988 31.7275 34.875 38.2757 41.9694 46.0022 50.4299 55.3208 60.7597 66.853 73.7302 81.5314 90.3444 100 100 100 100 100 100 100 100 100 90.2933 81.4304 73.5798 66.652 60.5056 55.0098 50.057 45.5611 41.453 37.6759 34.1824 30.9319 27.889 25.0218 22.3014 19.7007 17.1942 14.7577 12.3674 10 
10 12.1131 14.2473 16.4239 18.6646 20.9916 23.4278 25.9972 28.7254 31.6399 34.7709 38.1521 41.8222 45.8264 50.2187 55.0652 60.4485 66.4742 73.2779 81.0317 89.926 100 100 100 100 100 100 100 100 100 89.8739 80.9298 73.127 66.2731 60.1947 54.7548 49.8466 45.3865 41.3073 37.554 34.0804 30.8468 27.8184 24.9641 22.255 19.6647 17.1679 14.7404 12.3588 10 
10 12.0921 14.205 16.3594 18.5766 20.8781 23.2863 25.8244 28.5171 31.3907 34.4739 37.7985 41.4004 45.3211 49.6097 54.3256 59.5432 65.3591 71.9096 79.416 88.3408 100 100 100 100 100 100 100 100 100 88.2846 79.311 71.757 65.1577 59.2901 54.0169 49.24 44.8844 40.8894 37.2052 33.7891 30.6043 27.6179 24.8002 22.1239 19.5631 17.0936 14.6918 12.3347 10 
10 12.0581 14.1363 16.2546 18.4334 20.6936 23.0564 25.5439 28.1792 30.9868 33.993 37.2265 40.719 44.5065 48.63 53.138 58.0884 63.5525 69.6208 76.4084 84.0364 92.4308 100 100 100 100 100 100 100 92.4021 83.9678 76.2974 69.4657 63.3507 57.8366 52.832 48.2644 44.075 40.2145 36.641 33.3174 30.2112 27.2926 24.5343 21.9109 19.3981 16.9729 14.6127 12.2956 10 
10 12.0117 14.0424 16.1115 18.2381 20.4421 22.7432 25.1621 27.7199 30.4388 33.3421 36.4543 39.8023 43.4148 47.3233 51.5625 56.1701 61.1865 66.6508 72.5902 78.9859 85.6964 92.4223 100 100 100 100 100 92.4021 85.6499 78.9064 72.4733 66.4933 60.9849 55.9205 51.2603 46.9632 42.9904 39.3067 35.8795 32.6791 29.678 26.8506 24.1725 21.6208 19.1732 16.8082 14.5048 12.2422 10 
10 11.9536 13.9252 15.9328 17.9945 20.1286 22.3534 24.6877 27.1504 29.7609 32.5392 35.5054 38.6807 42.0864 45.7439 49.674 53.895 58.4196 63.2471 68.3501 73.6473 78.9646 84.0021 88.3012 89.8808 90.2933 89.8739 88.2846 83.9678 78.9064 73.5597 68.2287 63.0882 58.2191 53.6488 49.3772 45.391 41.6713 38.1964 34.9441 31.8922 29.0188 26.3028 23.7233 21.2601 18.8932 16.603 14.3702 12.1756 10 
10 11.885 13.7867 15.7218 17.7071 19.7592 21.8949 24.1308 26.4834 28.9694 31.6051 34.4064 37.3887 40.5661 43.9508 47.5513 51.3702 55.3994 59.6129 63.9547 68.3214 72.5389 76.3404 79.3361 80.9413 81.4304 80.9298 79.311 76.2974 72.4733 68.2287 63.8309 59.454 55.2013 51.1286 47.2613 43.6068 40.1622 36.918 33.8613 30.9773 28.2497 25.6618 23.1963 20.8361 18.5636 16.3612 14.2116 12.097 10 
10 11.8069 13.6292 15.4821 17.381 19.3407 21.3763 23.5024 25.733 28.0819 30.562 33.1851 35.9613 38.8986 42.0013 45.2683 48.6908 52.2473 55.8985 59.5783 63.1833 66.563 69.5136 71.7866 73.141 73.5798 73.127 71.757 69.4657 66.4933 63.0882 59.454 55.7413 52.0531 48.4552 44.9866 41.668 38.5079 35.5065 32.6588 29.9562 27.3879 24.9412 22.6024 20.3572 18.1907 16.0873 14.0317 12.0078 10 
10 11.7207 13.4553 15.2177 17.0216 18.8803 20.8069 22.8141 24.9135 27.1163 29.432 31.8689 34.4328 37.1262 39.9476 42.8891 45.9343 49.0552 52.2071 55.3243 58.3146 61.0562 63.401 65.1895 66.2884 66.652 66.2731 65.1577 63.3507 60.9849 58.2191 55.2013 52.0531 48.8662 45.7062 42.6171 39.6266 36.7504 33.9958 31.3638 28.8511 26.4511 24.1551 21.9526 19.8321 17.7809 15.786 13.8335 11.9096 10 
10 11.6275 13.2676 14.9325 16.6343 18.385 20.1958 22.0773 24.0391 26.0898 28.2363 30.4837 32.834 35.2862 37.8342 40.4659 43.1609 45.8885 48.6045 51.2487 53.7429 55.9917 57.8874 59.3226 60.2106 60.5056 60.1947 59.2901 57.8366 55.9205 53.6488 51.1286 48.4552 45.7062 42.9417 40.2051 37.527 34.9271 32.417 30.0019 27.6827 25.4563 23.3173 21.258 19.2693 17.341 15.462 13.6203 11.8038 10 
10 11.5287 13.0685 14.6303 16.2247 17.862 19.5518 21.3029 23.1231 25.0187 26.9943 29.0523 31.1923 33.4103 35.6975 38.0394 40.4143 42.7915 45.1301 47.3772 49.4686 51.33 52.882 54.0492 54.7706 55.0098 54.7548 54.0169 52.832 51.2603 49.3772 47.2613 44.9866 42.6171 40.2051 37.7912 35.4056 33.0695 30.7969 28.5959 26.4701 24.4194 22.4407 20.529 18.6772 16.8773 15.1198 13.3949 11.6919 10 
10 11.4254 12.8605 14.3148 15.7976 17.3178 18.8832 20.5012 22.1777 23.9173 25.7229 27.5947 29.5305 31.5243 33.5659 35.64 37.725 39.792 41.8045 43.7175 45.4787 47.0303 48.3128 49.2714 49.8621 50.057 49.8466 49.24 48.2644 46.9632 45.391 43.6068 41.668 39.6266 37.527 35.4056 33.2906 31.2032 29.1582 27.1655 25.2302 23.3545 21.5372 19.7753 18.0635 16.3956 14.764 13.1602 11.5753 10 
10 11.3187 12.6457 13.9895 15.3579 16.7582 18.1973 19.6809 21.2136 22.7984 24.4366 26.1274 27.8669 29.6483 31.4608 33.2891 35.1128 36.9059 38.6364 40.2667 41.7544 43.0542 44.1212 44.9144 45.4013 45.5611 45.3865 44.8844 44.075 42.9904 41.6713 40.1622 38.5079 36.7504 34.9271 33.0695 31.2032 29.3482 27.5193 25.7268 23.9773 22.2739 20.6171 19.0054 17.4351 15.9015 14.3983 12.9188 11.4553 10 
10 11.2095 12.4263 13.6574 14.9095 16.1887 17.5007 18.85 20.2398 21.6723 23.1475 24.6635 26.2159 27.7973 29.3971 31.0007 32.5895 34.1405 35.6263 37.0156 38.2742 39.3665 40.258 40.9177 41.3213 41.453 41.3073 40.8894 40.2145 39.3067 38.1964 36.918 35.5065 33.9958 32.417 30.7969 29.1582 27.5193 25.894 24.2929 22.7228 21.1877 19.6892 18.2267 16.798 15.3995 14.0264 12.673 11.3331 10 
10 11.0989 12.2039 13.321 14.4559 15.6137 16.7988 18.0147 19.264 20.5475 21.8647 23.2131 24.5879 25.9819 27.3847 28.7832 30.1607 31.4971 32.7693 33.9515 35.0161 35.9349 36.6813 37.2315 37.567 37.6759 37.554 37.2052 36.641 35.8795 34.9441 33.8613 32.6588 31.3638 30.0019 28.5959 27.1655 25.7268 24.2929 22.8736 21.4759 20.1041 18.7605 17.4453 16.1572 14.8937 13.651 12.4246 11.2095 10 
10 10.9874 11.98 12.9827 14.0002 15.0368 16.096 17.1804 18.2917 19.4303 20.5951 21.7833 22.9901 24.2085 25.4292 26.6402 27.8269 28.9723 30.0569 31.0595 31.9579 32.7298 33.3543 33.8132 34.0923 34.1824 34.0804 33.7891 33.3174 32.6791 31.8922 30.9773 29.9562 28.8511 27.6827 26.4701 25.2302 23.9773 22.7228 21.4759 20.2432 19.0292 17.8365 16.6659 15.5168 14.3873 13.2747 12.1755 11.0854 10 
10 10.8757 11.7556 12.644 13.5446 14.4609 15.3956 16.3507 17.3273 18.3254 19.3435 20.3788 21.4267 22.4807 23.5326 24.5717 25.5856 26.5598 27.4782 28.3235 29.0779 29.7236 30.2444 30.626 30.8575 30.9319 30.8468 30.6043 30.2112 29.678 29.0188 28.2497 27.3879 26.4511 25.4563 24.4194 23.3545 22.2739 21.1877 20.1041 19.0292 17.9674 16.9213 15.8921 14.8796 13.8827 12.8993 11.9267 10.9614 10 
10 10.7641 11.5318 12.3063 13.0908 13.888 14.7 15.5283 16.3736 17.2355 18.1125 19.0018 19.8992 20.7991 21.6939 22.5748 23.4312 24.2509 25.0208 25.727 26.355 26.8909 27.3219 27.6371 27.8279 27.889 27.8184 27.6179 27.2926 26.8506 26.3028 25.6618 24.9412 24.1551 23.3173 22.4407 21.5372 20.6171 19.6892 18.7605 17.8365 16.9213 16.0175 15.1262 14.2479 13.3817 12.5262 11.6792 10.8381 10 
10 10.6531 11.309 11.9704 12.6398 13.3194 14.0107 14.7148 15.4321 16.162 16.9031 17.6528 18.4074 19.1619 19.9102 20.6445 21.3561 22.0353 22.6712 23.2526 23.7684 24.2074 24.5597 24.8168 24.9723 25.0218 24.9641 24.8002 24.5343 24.1725 23.7233 23.1963 22.6024 21.9526 21.258 20.529 19.7753 19.0054 18.2267 17.4453 16.6659 15.8921 15.1262 14.3697 13.6229 12.8854 12.1561 11.4335 10.7156 10 
10 10.5427 11.0876 11.6368 12.1924 12.7558 13.3283 13.9107 14.5031 15.1049 15.7148 16.3306 16.949 17.566 18.1764 18.7739 19.3515 19.9013 20.4148 20.8833 21.2978 21.65 21.9322 22.1378 22.2619 22.3014 22.255 22.1239 21.9109 21.6208 21.2601 20.8361 20.3572 19.8321 19.2693 18.6772 18.0635 17.4351 16.798 16.1572 15.5168 14.8796 14.2479 13.6229 13.005 12.3942 11.7896 11.1901 10.5941 10 
10 10.433 10.8677 11.3057 11.7485 12.1972 12.6528 13.1157 13.586 14.0632 14.546 15.0326 15.5206 16.0064 16.4861 16.9548 17.407 17.8365 18.2369 18.6015 18.9235 19.1967 19.4153 19.5744 19.6703 19.7007 19.6647 19.5631 19.3981 19.1732 18.8932 18.5636 18.1907 17.7809 17.341 16.8773 16.3956 15.9015 15.3995 14.8937 14.3873 13.8827 13.3817 12.8854 12.3942 11.9081 11.4265 10.9488 10.4737 10 
10 10.3241 10.6493 10.977 11.308 11.6433 11.9835 12.3289 12.6795 13.0348 13.3939 13.7553 14.1173 14.4772 14.832 15.1781 15.5115 15.8278 16.1221 16.3897 16.6259 16.8259 16.9858 17.1021 17.1721 17.1942 17.1679 17.0936 16.9729 16.8082 16.603 16.3612 16.0873 15.786 15.462 15.1198 14.764 14.3983 14.0264 13.651 13.2747 12.8993 12.5262 12.1561 11.7896 11.4265 11.0667 10.7096 10.3543 10 
10 10.2157 10.4321 10.6501 10.8703 11.0933 11.3193 11.5487 11.7814 12.017 12.2549 12.4943 12.7336 12.9714 13.2056 13.4338 13.6534 13.8614 14.0549 14.2306 14.3855 14.5166 14.6213 14.6974 14.7432 14.7577 14.7404 14.6918 14.6127 14.5048 14.3702 14.2116 14.0317 13.8335 13.6203 13.3949 13.1602 12.9188 12.673 12.4246 12.1755 11.9267 11.6792 11.4335 11.1901 10.9488 10.7096 10.4721 10.2357 10 
10 10.1077 10.2158 10.3247 10.4346 10.5459 10.6587 10.7732 10.8892 11.0066 11.1251 11.2443 11.3634 11.4817 11.598 11.7114 11.8204 11.9236 12.0195 12.1065 12.1832 12.2481 12.2999 12.3376 12.3602 12.3674 12.3588 12.3347 12.2956 12.2422 12.1756 12.097 12.0078 11.9096 11.8038 11.6919 11.5753 11.4553 11.3331 11.2095 11.0854 10.9614 10.8381 10.7156 10.5941 10.4737 10.3543 10.2357 10.1177 10 
10 10 10 10 10 10 10 10 10 10 10 10 10 10 10 10 10 10 10 10 10 10 10 10 10 10 10 10 10 10 10 10 10 10 10 10 10 10 10 10 10 10 10 10 10 10 10 10 10 10 
10 10 10 10 10 10 10 10 10 10 10 10 10 10 10 10 10 10 10 10 10 10 10 10 10 10 10 10 10 10 10 10 10 10 10 10 10 10 10 10 10 10 10 10 10 10 10 10 10 10 
10 10.1228 10.2457 10.3688 10.4921 10.6157 10.7395 10.8634 10.9873 11.1107 11.2334 11.3548 11.4743 11.5912 11.7046 11.8135 11.9169 12.0136 12.1025 12.1824 12.2521 12.3106 12.3569 12.3901 12.4098 12.4154 12.4069 12.3844 12.3482 12.2989 12.2373 12.1643 12.0809 11.9884 11.8878 11.7802 11.6669 11.5488 11.427 11.3022 11.1751 11.0465 10.9168 10.7863 10.6555 10.5244 10.3933 10.2622 10.1311 10 
10 10.2457 10.4916 10.7379 10.9847 11.2321 11.48 11.7282 11.9763 12.2238 12.4698 12.7134 12.9533 13.188 13.4158 13.6348 13.8428 14.0375 14.2165 14.3774 14.5179 14.6358 14.7292 14.7963 14.8359 14.8474 14.8303 14.7849 14.7119 14.6125 14.4883 14.3412 14.1733 13.987 13.7845 13.5683 13.3405 13.1034 12.8587 12.6082 12.3534 12.0955 11.8355 11.5741 11.312 11.0496 10.7871 10.5247 10.2623 10 
10 10.3688 10.7379 11.1077 11.4784 11.85 12.2226 12.5958 12.969 13.3415 13.7121 14.0794 14.4413 14.7958 15.1402 15.4715 15.7864 16.0815 16.3531 16.5975 16.8111 16.9905 17.1325 17.2347 17.2952 17.3126 17.2867 17.2176 17.1067 16.9556 16.7668 16.5434 16.2886 16.006 15.6993 15.372 15.0275 14.6691 14.2997 13.9219 13.5378 13.1493 12.7579 12.3648 11.9708 11.5764 11.182 10.7879 10.3939 10 
10 10.4921 10.9847 11.4784 11.9734 12.4699 12.9679 13.4671 13.9668 14.4659 14.963 15.4561 15.9427 16.4198 16.8839 17.331 17.7566 18.1559 18.524 18.8555 19.1456 19.3895 19.5828 19.7221 19.8045 19.8285 19.7933 19.6994 19.5485 19.3432 19.0868 18.7837 18.4383 18.0557 17.6409 17.1988 16.7342 16.2514 15.7544 15.2466 14.7311 14.2102 13.6859 13.1596 12.6326 12.1054 11.5785 11.052 10.5259 10 
10 10.6157 11.2321 11.85 12.4699 13.092 13.7165 14.343 14.9708 15.5986 16.2246 16.8465 17.4612 18.0648 18.653 19.2206 19.7618 20.2706 20.7403 21.1642 21.5356 21.8483 22.0965 22.2756 22.3817 22.4127 22.3677 22.2474 22.054 21.7908 21.4626 21.0749 20.6339 20.146 19.6179 19.0561 18.4667 17.8552 17.2267 16.5857 15.9357 15.2798 14.6205 13.9595 13.298 12.637 11.9766 11.3172 10.6584 10 
10 10.7395 11.48 12.2226 12.9679 13.7165 14.4686 15.224 15.9818 16.7408 17.4988 18.2532 19.0001 19.7351 20.4528 21.1469 21.8104 22.4354 23.0136 23.5365 23.9957 24.3829 24.6909 24.9133 25.0454 25.0843 25.0288 24.8798 24.6402 24.3145 23.9088 23.4302 22.8868 22.2868 21.6388 20.9508 20.2305 19.4849 18.7201 17.9415 17.1535 16.3596 15.5628 14.765 13.9676 13.1714 12.3767 11.5835 10.7914 10 
10 10.8634 11.7282 12.5958 13.4671 14.343 15.224 16.1099 17 17.893 18.7866 19.6776 20.562 21.4343 22.2883 23.1163 23.91 24.6597 25.3552 25.9858 26.5409 27.0101 27.384 27.6545 27.8156 27.8634 27.7965 27.6159 27.3255 26.9311 26.4405 25.8629 25.2085 24.4878 23.7113 22.8892 22.0306 21.1442 20.2372 19.3159 18.3856 17.4503 16.5131 15.5762 14.6411 13.7084 12.7784 11.8508 10.9249 10 
10 10.9873 11.9763 12.969 13.9668 14.9708 15.9818 17 18.0249 19.055 20.0881 21.1208 22.1484 23.165 24.1632 25.1342 26.0678 26.9527 27.7763 28.5255 29.1869 29.7475 30.1953 30.5201 30.7141 30.7721 30.6924 30.4766 30.1293 29.6582 29.0734 28.3865 27.6104 26.7582 25.8429 24.8768 23.8711 22.8359 21.7798 20.7101 19.6326 18.5518 17.4711 16.3927 15.318 14.2477 13.1814 12.1188 11.0587 10 
10 11.1107 12.2238 13.3415 14.4659 15.5986 16.7408 17.893 19.055 20.2256 21.4026 22.5823 23.7599 24.9287 26.0803 27.2048 28.2903 29.323 30.2881 31.1692 31.95 32.6139 33.146 33.5329 33.7646 33.8347 33.7407 33.4847 33.0728 32.515 31.8241 31.015 30.1037 29.1067 28.0399 26.9181 25.7548 24.5616 23.3486 22.1238 20.8936 19.6631 18.4356 17.2133 15.9973 14.7881 13.5849 12.3869 11.1925 10 
10 11.2334 12.4698 13.7121 14.963 16.2246 17.4988 18.7866 20.0881 21.4026 22.7279 24.0606 25.3954 26.7253 28.0411 29.3314 30.5825 31.7784 32.9011 33.9309 34.8474 35.6299 36.2592 36.7183 36.9942 37.0785 36.9681 36.6657 36.1794 35.5219 34.7098 33.7621 32.6992 31.5413 30.3078 29.0165 27.6833 26.3216 24.9427 23.5555 22.167 20.7822 19.4045 18.036 16.6772 15.3282 13.9878 12.6544 11.3259 10 
10 11.3548 12.7134 14.0794 15.4561 16.8465 18.2532 19.6776 21.1208 22.5823 24.0606 25.5523 27.0522 28.553 30.0448 31.515 32.948 34.3253 35.6254 36.8245 37.8972 38.8175 39.5608 40.1052 40.4336 40.5351 40.4056 40.0487 39.4749 38.7011 37.7487 36.6422 35.407 34.0685 32.6502 31.1733 29.6561 28.1141 26.5596 25.0023 23.4494 21.9059 20.3749 18.8579 17.3553 15.866 14.3885 12.9202 11.4585 10 
10 11.4743 12.9533 14.4413 15.9427 17.4612 19.0001 20.562 22.1484 23.7599 25.3954 27.0522 28.7254 30.4076 32.0885 33.7546 35.3883 36.9685 38.4699 39.8637 41.1184 42.2012 43.0802 43.7269 44.1186 44.241 44.0889 43.6668 42.9889 42.0773 40.9601 39.669 38.2363 36.6934 35.0688 33.3875 31.6706 29.9351 28.1946 26.4592 24.7358 23.0293 21.3423 19.6754 18.0282 16.3989 14.7849 13.183 11.5894 10 
10 11.5912 13.188 14.7958 16.4198 18.0648 19.7351 21.4343 23.165 24.9287 26.7253 28.553 30.4076 32.2821 34.1664 36.0459 37.9019 39.7103 41.4418 43.0616 44.5309 45.8078 46.8509 47.6222 48.0918 48.2402 48.0606 47.5593 46.7551 45.6775 44.364 42.8558 41.1943 39.4183 37.5622 35.6551 33.7208 31.778 29.8407 27.919 26.0196 24.1464 22.3011 20.4834 18.6918 16.9235 15.1747 13.4411 11.7179 10 
10 11.7046 13.4158 15.1402 16.8839 18.653 20.4528 22.2883 24.1632 26.0803 28.0411 30.0448 32.0885 34.1664 36.2685 38.3807 40.483 42.549 44.5451 46.4299 48.1552 49.6676 50.9122 51.8381 52.4045 52.5855 52.3723 51.7731 50.8129 49.5321 47.9812 46.2146 44.2855 42.242 40.125 37.9681 35.7974 33.6325 31.4877 29.3721 27.2917 25.249 23.2443 21.2761 19.3414 17.436 15.5549 13.6926 11.8431 10 
10 11.8135 13.6348 15.4715 17.331 19.2206 21.1469 23.1163 25.1342 27.2048 29.3314 31.515 33.7546 36.0459 38.3807 40.7456 43.1207 45.4779 47.7795 49.9772 52.0115 53.8138 55.3105 56.4315 57.1203 57.3428 57.0877 56.3655 55.2092 53.6748 51.8321 49.7542 47.5096 45.1576 42.7463 40.3132 37.8861 35.4847 33.1221 30.8063 28.5411 26.3274 24.1636 22.0463 19.9709 17.9317 15.9222 13.9353 11.9638 10 
10 11.9169 13.8428 15.7864 17.7566 19.7618 21.8104 23.91 26.0678 28.2903 30.5825 32.948 35.3883 37.9019 40.483 43.1207 45.7964 48.4821 51.1374 53.7068 56.1183 58.2834 60.1021 61.4743 62.3191 62.5941 62.2868 61.4085 60.0005 58.1431 55.9357 53.4784 50.8594 48.1508 45.4078 42.6706 39.9672 37.3157 34.7269 32.206 29.7543 27.37 25.0491 22.7859 20.574 18.4056 16.2727 14.1667 12.0788 10 
10 12.0136 14.0375 16.0815 18.1559 20.2706 22.4354 24.6597 26.9527 29.323 31.7784 34.3253 36.9685 39.7103 42.549 45.4779 48.4821 51.5363 54.6 57.6126 60.4891 63.1163 65.3562 67.0599 68.1029 68.4425 68.072 66.9964 65.2568 62.9771 60.306 57.3813 54.3163 51.1963 48.0816 45.0126 42.0145 39.1018 36.2809 33.5531 30.9157 28.3636 25.8897 23.4859 21.1432 18.8521 16.6024 14.3841 12.1868 10 
10 12.1025 14.2165 16.3531 18.524 20.7403 23.0136 25.3552 27.7763 30.2881 32.9011 35.6254 38.4699 41.4418 44.5451 47.7795 51.1374 54.6 58.1317 61.6719 65.1253 68.3517 71.1609 73.3201 74.6033 75.0142 74.5753 73.2616 71.0671 68.2173 64.9449 61.4406 57.845 54.2537 50.7273 47.3014 43.9944 40.8137 37.7592 34.8263 32.0075 29.2933 26.6734 24.1365 21.671 19.2651 16.907 14.5848 12.2864 10 
10 12.1824 14.3774 16.5975 18.8555 21.1642 23.5365 25.9858 28.5255 31.1692 33.9309 36.8245 39.8637 43.0616 46.4299 49.9772 53.7068 57.6126 61.6719 65.8339 70.0032 74.0177 77.6278 80.4676 81.9868 82.446 81.9642 80.4185 77.5445 73.8926 69.8295 65.606 61.3851 57.2627 53.2897 49.4888 45.8657 42.4168 39.1328 36.0019 33.0102 30.1435 27.3873 24.7273 22.1491 19.6386 17.1821 14.7658 12.3762 10 
10 12.2521 14.5179 16.8111 19.1456 21.5356 23.9957 26.5409 29.1869 31.95 34.8474 37.8972 41.1184 44.5309 48.1552 52.0115 56.1183 60.4891 65.1253 70.0032 75.0486 80.0994 84.8747 88.9439 90.4382 90.8262 90.4245 88.9119 84.809 79.9897 74.8863 69.7822 64.8411 60.1379 55.6965 51.5151 47.58 43.8721 40.3706 37.0545 33.9034 30.8976 28.0185 25.2481 22.5696 19.9665 17.4232 14.9243 12.4548 10 
10 12.3106 14.6358 16.9905 19.3895 21.8483 24.3829 27.0101 29.7475 32.6139 35.6299 38.8175 42.2012 45.8078 49.6676 53.8138 58.2834 63.1163 68.3517 74.0177 80.0994 86.4653 92.8342 100 100 100 100 100 92.7963 86.379 79.9538 73.8071 68.0727 62.766 57.859 53.3117 49.0839 45.1379 41.4397 37.9586 34.6669 31.5397 28.5541 25.6889 22.9247 20.243 17.6262 15.0577 12.5209 10 
10 12.3569 14.7292 17.1325 19.5828 22.0965 24.6909 27.384 30.1953 33.146 36.2592 39.5608 43.0802 46.8509 50.9122 55.3105 60.1021 65.3562 71.1609 77.6278 84.8747 92.8342 100 100 100 100 100 100 100 92.7817 84.7508 77.4299 70.8885 65.0082 59.6766 54.8047 50.3223 46.1726 42.3082 38.6893 35.2815 32.0547 28.9824 26.0407 23.2076 20.4628 17.7875 15.1635 12.5733 10 
10 12.3901 14.7963 17.2347 19.7221 22.2756 24.9133 27.6545 30.5201 33.5329 36.7183 40.1052 43.7269 47.6222 51.8381 56.4315 61.4743 67.0599 73.3201 80.4676 88.9439 100 100 100 100 100 100 100 100 100 88.8436 80.282 73.0541 66.7146 61.0487 55.9235 51.2442 46.9382 42.9477 39.2249 35.7303 32.4297 29.2935 26.2955 23.4121 20.6216 17.9039 15.2398 12.6111 10 
10 12.4098 14.8359 17.2952 19.8045 22.3817 25.0454 27.8156 30.7141 33.7646 36.9942 40.4336 44.1186 48.0918 52.4045 57.1203 62.3191 68.1029 74.6033 81.9868 90.4382 100 100 100 100 100 100 100 100 100 90.346 81.808 74.3415 67.7596 61.8938 56.6112 51.8084 47.4046 43.3354 39.5484 36.0003 32.6545 29.4795 26.4475 23.5339 20.716 17.973 15.2851 12.6335 10 
10 12.4154 14.8474 17.3126 19.8285 22.4127 25.0843 27.8634 30.7721 33.8347 37.0785 40.5351 44.241 48.2402 52.5855 57.3428 62.5941 68.4425 75.0142 82.446 90.8262 100 100 100 100 100 100 100 100 100 90.7361 82.2693 74.754 68.1002 62.1693 56.8337 51.9892 47.5524 43.4569 39.6487 36.0831 32.7228 29.5355 26.493 23.57 20.7439 17.9933 15.2984 12.6401 10 
10 12.4069 14.8303 17.2867 19.7933 22.3677 25.0288 27.7965 30.6924 33.7407 36.9681 40.4056 44.0889 48.0606 52.3723 57.0877 62.2868 68.072 74.5753 81.9642 90.4245 100 100 100 100 100 100 100 100 100 90.3326 81.7858 74.3142 67.7295 61.8625 56.5796 51.7774 47.3748 43.307 39.5219 35.9758 32.6323 29.4598 26.4304 23.5195 20.7044 17.9642 15.2792 12.6306 10 
10 12.3844 14.7849 17.2176 19.6994 22.2474 24.8798 27.6159 30.4766 33.4847 36.6657 40.0487 43.6668 47.5593 51.7731 56.3655 61.4085 66.9964 73.2616 80.4185 88.9119 100 100 100 100 100 100 100 100 100 88.8121 80.2339 72.9969 66.6526 60.9847 55.8594 51.1815 46.8779 42.8905 39.1715 35.681 32.3851 29.2538 26.2611 23.3831 20.5983 17.8863 15.228 12.6052 10 
10 12.3482 14.7119 17.1067 19.5485 22.054 24.6402 27.3255 30.1293 33.0728 36.1794 39.4749 42.9889 46.7551 50.8129 55.2092 60.0005 65.2568 71.0671 77.5445 84.809 92.7963 100 100 100 100 100 100 100 92.7443 84.6861 77.3481 70.7966 64.9112 59.5777 54.7065 50.2266 46.0807 42.2212 38.6081 35.2068 31.9871 28.9223 25.9885 23.1637 20.4274 17.7608 15.1456 12.5644 10 
10 12.2989 14.6125 16.9556 19.3432 21.7908 24.3145 26.9311 29.6582 32.515 35.5219 38.7011 42.0773 45.6775 49.5321 53.6748 58.1431 62.9771 68.2173 73.8926 79.9897 86.379 92.7817 100 100 100 100 100 92.7443 86.2937 79.8457 73.6841 67.9409 62.63 57.7223 53.1769 48.9531 45.0128 41.3215 37.8485 34.5658 31.4482 28.4728 25.6185 22.8654 20.1952 17.5902 15.0335 12.5088 10 
10 12.2373 14.4883 16.7668 19.0868 21.4626 23.9088 26.4405 29.0734 31.8241 34.7098 37.7487 40.9601 44.364 47.9812 51.8321 55.9357 60.306 64.9449 69.8295 74.8863 79.9538 84.7508 88.8436 90.346 90.7361 90.3326 88.8121 84.6861 79.8457 74.7262 69.6113 64.6641 59.9588 55.5186 51.341 47.4119 43.7118 40.2196 36.914 33.7745 30.7811 27.9151 25.1585 22.4942 19.9057 17.3773 14.8936 12.4394 10 
10 12.1643 14.3412 16.5434 18.7837 21.0749 23.4302 25.8629 28.3865 31.015 33.7621 36.6422 39.669 42.8558 46.2146 49.7542 53.4784 57.3813 61.4406 65.606 69.7822 73.8071 77.4299 80.282 81.808 82.2693 81.7858 80.2339 77.3481 73.6841 69.6113 65.3816 61.158 57.0363 53.067 49.2722 45.6576 42.2189 38.9469 35.8292 32.8519 30.0006 27.2607 24.6175 22.0568 19.5642 17.126 14.7282 12.3574 10 
10 12.0809 14.1733 16.2886 18.4383 20.6339 22.8868 25.2085 27.6104 30.1037 32.6992 35.407 38.2363 41.1943 44.2855 47.5096 50.8594 54.3163 57.845 61.3851 64.8411 68.0727 70.8885 73.0541 74.3415 74.754 74.3142 72.9969 70.7966 67.9409 64.6641 61.158 57.5634 53.9759 50.4561 47.0392 43.7434 40.5757 37.536 34.6193 31.818 29.1225 26.5221 24.0054 21.5608 19.1764 16.8401 14.54 12.264 10 
10 11.9884 13.987 16.006 18.0557 20.146 22.2868 24.4878 26.7582 29.1067 31.5413 34.0685 36.6934 39.4183 42.242 45.1576 48.1508 51.1963 54.2537 57.2627 60.1379 62.766 65.0082 66.7146 67.7596 68.1002 67.7295 66.6526 64.9112 62.63 59.9588 57.0363 53.9759 50.8631 47.758 44.7011 41.7173 38.8208 36.0179 33.3096 30.6931 28.163 25.7121 23.3322 21.0141 18.7481 16.5241 14.3317 12.1605 10 
10 11.8878 13.7845 15.6993 17.6409 19.6179 21.6388 23.7113 25.8429 28.0399 30.3078 32.6502 35.0688 37.5622 40.125 42.7463 45.4078 48.0816 50.7273 53.2897 55.6965 57.859 59.6766 61.0487 61.8938 62.1693 61.8625 60.9847 59.5777 57.7223 55.5186 53.067 50.4561 47.758 45.0281 42.3063 39.6205 36.9886 34.4212 31.9234 29.4962 27.1376 24.8435 22.6081 20.4247 18.2854 16.1822 14.1061 12.0485 10 
10 11.7802 13.5683 15.372 17.1988 19.0561 20.9508 22.8892 24.8768 26.9181 29.0165 31.1733 33.3875 35.6551 37.9681 40.3132 42.6706 45.0126 47.3014 49.4888 51.5151 53.3117 54.8047 55.9235 56.6112 56.8337 56.5796 55.8594 54.7065 53.1769 51.341 49.2722 47.0392 44.7011 42.3063 39.8922 37.4862 35.1081 32.7707 30.4818 28.245 26.0611 23.9282 21.8428 19.8001 17.7943 15.8186 13.8661 11.9291 10 
10 11.6669 13.3405 15.0275 16.7342 18.4667 20.2305 22.0306 23.8711 25.7548 27.6833 29.6561 31.6706 33.7208 35.7974 37.8861 39.9672 42.0145 43.9944 45.8657 47.58 49.0839 50.3223 51.2442 51.8084 51.9892 51.7774 51.1815 50.2266 48.9531 47.4119 45.6576 43.7434 41.7173 39.6205 37.4862 35.3406 33.203 31.0873 29.0028 26.955 24.9463 22.977 21.0451 19.1476 17.2801 15.4375 13.6141 11.8038 10 
10 11.5488 13.1034 14.6691 16.2514 17.8552 19.4849 21.1442 22.8359 24.5616 26.3216 28.1141 29.9351 31.778 33.6325 35.4847 37.3157 39.1018 40.8137 42.4168 43.8721 45.1379 46.1726 46.9382 47.4046 47.5524 47.3748 46.8779 46.0807 45.0128 43.7118 42.2189 40.5757 38.8208 36.9886 35.1081 33.203 31.2916 29.3878 27.5016 25.6394 23.8049 21.9996 20.223 18.4735 16.7479 15.0425 13.3528 11.6737 10 
10 11.427 12.8587 14.2997 15.7544 17.2267 18.7201 20.2372 21.7798 23.3486 24.9427 26.5596 28.1946 29.8407 31.4877 33.1221 34.7269 36.2809 37.7592 39.1328 40.3706 41.4397 42.3082 42.9477 43.3354 43.4569 43.307 42.8905 42.2212 41.3215 40.2196 38.9469 37.536 36.0179 34.4212 32.7707 31.0873 29.3878 27.6856 25.9904 24.3091 22.6463 21.0043 19.3836 17.7836 16.2023 14.6369 13.0841 11.5399 10 
10 11.3022 12.6082 13.9219 15.2466 16.5857 17.9415 19.3159 20.7101 22.1238 23.5555 25.0023 26.4592 27.919 29.3721 30.8063 32.206 33.5531 34.8263 36.0019 37.0545 37.9586 38.6893 39.2249 39.5484 39.6487 39.5219 39.1715 38.6081 37.8485 36.914 35.8292 34.6193 33.3096 31.9234 30.4818 29.0028 27.5016 25.9904 24.4785 22.9729 21.4784 19.9979 18.5327 17.0827 15.647 14.2237 12.8101 11.4033 10 
10 11.1751 12.3534 13.5378 14.7311 15.9357 17.1535 18.3856 19.6326 20.8936 22.167 23.4494 24.7358 26.0196 27.2917 28.5411 29.7543 30.9157 32.0075 33.0102 33.9034 34.6669 35.2815 35.7303 36.0003 36.0831 35.9758 35.681 35.2068 34.5658 33.7745 32.8519 31.818 30.6931 29.4962 28.245 26.955 25.6394 24.3091 22.9729 21.6374 20.3074 18.986 17.675 16.3749 15.0854 13.8051 12.5323 11.2648 10 
10 11.0465 12.0955 13.1493 14.2102 15.2798 16.3596 17.4503 18.5518 19.6631 20.7822 21.9059 23.0293 24.1464 25.249 26.3274 27.37 28.3636 29.2933 30.1435 30.8976 31.5397 32.0547 32.4297 32.6545 32.7228 32.6323 32.3851 31.9871 31.4482 30.7811 30.0006 29.1225 28.163 27.1376 26.0611 24.9463 23.8049 22.6463 21.4784 20.3074 19.1378 17.9728 16.8143 15.6633 14.5199 13.3832 12.2522 11.1251 10 
10 10.9168 11.8355 12.7579 13.6859 14.6205 15.5628 16.5131 17.4711 18.4356 19.4045 20.3749 21.3423 22.3011 23.2443 24.1636 25.0491 25.8897 26.6734 27.3873 28.0185 28.5541 28.9824 29.2935 29.4795 29.5355 29.4598 29.2538 28.9223 28.4728 27.9151 27.2607 26.5221 25.7121 24.8435 23.9282 22.977 21.9996 21.0043 19.9979 18.986 17.9728 16.9612 15.9534 14.9504 13.9525 12.9595 11.9706 10.9845 10 
10 10.7863 11.5741 12.3648 13.1596 13.9595 14.765 15.5762 16.3927 17.2133 18.036 18.8579 19.6754 20.4834 21.2761 22.0463 22.7859 23.4859 24.1365 24.7273 25.2481 25.6889 26.0407 26.2955 26.4475 26.493 26.4304 26.2611 25.9885 25.6185 25.1585 24.6175 24.0054 23.3322 22.6081 21.8428 21.0451 20.223 19.3836 18.5327 17.675 16.8143 15.9534 15.0942 14.2379 13.3849 12.5352 11.6884 10.8436 10 
10 10.6555 11.312 11.9708 12.6326 13.298 13.9676 14.6411 15.318 15.9973 16.6772 17.3553 18.0282 18.6918 19.3414 19.9709 20.574 21.1432 21.671 22.1491 22.5696 22.9247 23.2076 23.4121 23.5339 23.57 23.5195 23.3831 23.1637 22.8654 22.4942 22.0568 21.5608 21.0141 20.4247 19.8001 19.1476 18.4735 17.7836 17.0827 16.3749 15.6633 14.9504 14.2379 13.5268 12.8178 12.111 11.4061 10.7027 10 
10 10.5244 11.0496 11.5764 12.1054 12.637 13.1714 13.7084 14.2477 14.7881 15.3282 15.866 16.3989 16.9235 17.436 17.9317 18.4056 18.8521 19.2651 19.6386 19.9665 20.243 20.4628 20.6216 20.716 20.7439 20.7044 20.5983 20.4274 20.1952 19.9057 19.5642 19.1764 18.7481 18.2854 17.7943 17.2801 16.7479 16.2023 15.647 15.0854 14.5199 13.9525 13.3849 12.8178 12.2519 11.6874 11.1241 10.5618 10 
10 10.3933 10.7871 11.182 11.5785 11.9766 12.3767 12.7784 13.1814 13.5849 13.9878 14.3885 14.7849 15.1747 15.5549 15.9222 16.2727 16.6024 16.907 17.1821 17.4232 17.6262 17.7875 17.9039 17.973 17.9933 17.9642 17.8863 17.7608 17.5902 17.3773 17.126 16.8401 16.5241 16.1822 15.8186 15.4375 15.0425 14.6369 14.2237 13.8051 13.3832 12.9595 12.5352 12.111 11.6874 11.2646 10.8425 10.4211 10 
10 10.2622 10.5247 10.7879 11.052 11.3172 11.5835 11.8508 12.1188 12.3869 12.6544 12.9202 13.183 13.4411 13.6926 13.9353 14.1667 14.3841 14.5848 14.7658 14.9243 15.0577 15.1635 15.2398 15.2851 15.2984 15.2792 15.228 15.1456 15.0335 14.8936 14.7282 14.54 14.3317 14.1061 13.8661 13.6141 13.3528 13.0841 12.8101 12.5323 12.2522 11.9706 11.6884 11.4061 11.1241 10.8425 10.5614 10.2806 10 
10 10.1311 10.2623 10.3939 10.5259 10.6584 10.7914 10.9249 11.0587 11.1925 11.3259 11.4585 11.5894 11.7179 11.8431 11.9638 12.0788 12.1868 12.2864 12.3762 12.4548 12.5209 12.5733 12.6111 12.6335 12.6401 12.6306 12.6052 12.5644 12.5088 12.4394 12.3574 12.264 12.1605 12.0485 11.9291 11.8038 11.6737 11.5399 11.4033 11.2648 11.1251 10.9845 10.8436 10.7027 10.5618 10.4211 10.2806 10.1403 10 
10 10 10 10 10 10 10 10 10 10 10 10 10 10 10 10 10 10 10 10 10 10 10 10 10 10 10 10 10 10 10 10 10 10 10 10 10 10 10 10 10 10 10 10 10 10 10 10 10 10 
