0 12.8383
13.7173 12.9716
27.4346 13.0856
41.1519 13.1869
54.8691 13.2791
68.5864 13.3643
82.3037 13.444
96.021 13.5193
109.738 13.5908
123.456 13.6591
137.173 13.7247
150.89 13.788
164.607 13.8491
178.325 13.9083
192.042 13.9658
205.759 14.0218
219.477 14.0764
233.194 14.1297
246.911 14.1818
260.628 14.2329
274.346 14.283
288.063 14.3321
301.78 14.3803
315.498 14.4278
329.215 14.4744
342.932 14.5204
356.649 14.5656
370.367 14.6102
384.084 14.6542
397.801 14.6976
411.519 14.7405
425.236 14.7828
438.953 14.8246
452.67 14.866
466.388 14.9069
480.105 14.9473
493.822 14.9873
507.54 15.0269
521.257 15.0662
534.974 15.105
548.691 15.1435
562.409 15.1817
576.126 15.2195
589.843 15.2569
603.56 15.2941
617.278 15.331
630.995 15.3675
644.712 15.4038
658.43 15.4398
672.147 15.4755
685.864 15.511
699.581 15.5462
713.299 15.5812
727.016 15.6159
740.733 15.6504
754.451 15.6847
768.168 15.7188
781.885 15.7526
795.602 15.7862
809.32 15.8196
823.037 15.8529
836.754 15.8859
850.472 15.9187
864.189 15.9514
877.906 15.9839
891.623 16.0162
905.341 16.0483
919.058 16.0803
932.775 16.112
946.493 16.1437
960.21 16.1751
973.927 16.2065
987.644 16.2376
1001.36 16.2686
1015.08 16.2995
1028.8 16.3302
1042.51 16.3608
1056.23 16.3912
1069.95 16.4215
1083.67 16.4517
1097.38 16.4818
1111.1 16.5117
1124.82 16.5415
1138.53 16.5711
1152.25 16.6007
1165.97 16.6301
1179.69 16.6594
1193.4 16.6886
1207.12 16.7177
1220.84 16.7466
1234.56 16.7755
1248.27 16.8042
1261.99 16.8329
1275.71 16.8614
1289.42 16.8899
1303.14 16.9182
1316.86 16.9464
1330.58 16.9746
1344.29 17.0026
1358.01 17.0305
1371.73 17.0584
1385.45 17.0861
1399.16 17.1138
1412.88 17.1414
1426.6 17.1688
1440.31 17.1962
1454.03 17.2235
1467.75 17.2508
1481.47 17.2779
1495.18 17.305
1508.9 17.3319
1522.62 17.3588
1536.34 17.3856
1550.05 17.4124
1563.77 17.439
1577.49 17.4656
1591.2 17.4921
1604.92 17.5185
1618.64 17.5449
1632.36 17.5711
1646.07 17.5973
1659.79 17.6235
1673.51 17.6495
1687.23 17.6755
1700.94 17.7014
1714.66 17.7273
1728.38 17.7531
1742.1 17.7788
1755.81 17.8045
1769.53 17.83
1783.25 17.8556
1796.96 17.881
1810.68 17.9064
1824.4 17.9317
1838.12 17.957
1851.83 17.9822
1865.55 18.0074
1879.27 18.0324
1892.99 18.0575
1906.7 18.0824
1920.42 18.1073
1934.14 18.1322
1947.85 18.157
1961.57 18.1817
1975.29 18.2064
1989.01 18.231
2002.72 18.2556
2016.44 18.2801
2030.16 18.3045
2043.88 18.3289
2057.59 18.3533
2071.31 18.3776
2085.03 18.4018
2098.74 18.426
2112.46 18.4502
2126.18 18.4742
2139.9 18.4983
2153.61 18.5223
2167.33 18.5462
2181.05 18.5701
2194.77 18.5939
2208.48 18.6177
2222.2 18.6414
2235.92 18.6651
2249.63 18.6888
2263.35 18.7124
2277.07 18.7359
2290.79 18.7594
2304.5 18.7829
2318.22 18.8063
2331.94 18.8296
2345.66 18.8529
2359.37 18.8762
2373.09 18.8994
2386.81 18.9226
2400.52 18.9457
2414.24 18.9688
2427.96 18.9919
2441.68 19.0149
2455.39 19.0378
2469.11 19.0607
2482.83 19.0836
2496.55 19.1064
2510.26 19.1292
2523.98 19.152
2537.7 19.1747
2551.41 19.1973
2565.13 19.22
2578.85 19.2425
2592.57 19.2651
2606.28 19.2876
2620 19.31
2633.72 19.3324
2647.44 19.3548
2661.15 19.3772
2674.87 19.3994
2688.59 19.4217
2702.3 19.4439
2716.02 19.4661
2729.74 19.4882
2743.46 19.5103
2757.17 19.5324
2770.89 19.5544
2784.61 19.5764
2798.33 19.5984
2812.04 19.6203
2825.76 19.6421
2839.48 19.664
2853.2 19.6858
2866.91 19.7075
2880.63 19.7292
2894.35 19.7509
2908.06 19.7726
2921.78 19.7942
2935.5 19.8158
2949.22 19.8373
2962.93 19.8588
2976.65 19.8803
2990.37 19.9017
3004.09 19.9231
3017.8 19.9444
3031.52 19.9658
3045.24 19.9871
3058.95 20.0083
3072.67 20.0295
3086.39 20.0507
3100.11 20.0718
3113.82 20.093
3127.54 20.114
3141.26 20.1351
3154.98 20.1561
3168.69 20.1771
3182.41 20.198
3196.13 20.2189
3209.84 20.2398
3223.56 20.2606
3237.28 20.2814
3251 20.3022
3264.71 20.3229
3278.43 20.3436
3292.15 20.3643
3305.87 20.3849
3319.58 20.4055
3333.3 20.4261
3347.02 20.4466
3360.73 20.4671
3374.45 20.4876
3388.17 20.508
3401.89 20.5284
3415.6 20.5488
3429.32 20.5691
3443.04 20.5894
3456.76 20.6097
3470.47 20.63
3484.19 20.6502
3497.91 20.6703
3511.62 20.6905
3525.34 20.7106
3539.06 20.7307
3552.78 20.7507
3566.49 20.7707
3580.21 20.7907
3593.93 20.8107
3607.65 20.8306
3621.36 20.8505
3635.08 20.8703
3648.8 20.8902
3662.51 20.91
3676.23 20.9297
3689.95 20.9495
3703.67 20.9692
3717.38 20.9888
3731.1 21.0085
3744.82 21.0281
3758.54 21.0476
3772.25 21.0672
3785.97 21.0867
3799.69 21.1062
3813.4 21.1256
3827.12 21.1451
3840.84 21.1645
3854.56 21.1838
3868.27 21.2032
3881.99 21.2225
3895.71 21.2417
3909.43 21.261
3923.14 21.2802
3936.86 21.2993
3950.58 21.3185
3964.3 21.3376
3978.01 21.3567
3991.73 21.3758
4005.45 21.3948
4019.16 21.4138
4032.88 21.4328
4046.6 21.4517
4060.32 21.4706
4074.03 21.4895
4087.75 21.5083
4101.47 21.5272
4115.19 21.5459
4128.9 21.5647
4142.62 21.5834
4156.34 21.6021
4170.05 21.6208
4183.77 21.6395
4197.49 21.6581
4211.21 21.6767
4224.92 21.6952
4238.64 21.7137
4252.36 21.7322
4266.08 21.7507
4279.79 21.7691
4293.51 21.7875
4307.23 21.8059
4320.94 21.8243
4334.66 21.8426
4348.38 21.8609
4362.1 21.8792
4375.81 21.8974
4389.53 21.9156
4403.25 21.9338
4416.97 21.9519
4430.68 21.97
4444.4 21.9881
4458.12 22.0062
4471.83 22.0242
4485.55 22.0422
4499.27 22.0602
4512.99 22.0782
4526.7 22.0961
4540.42 22.114
4554.14 22.1318
4567.86 22.1497
4581.57 22.1675
4595.29 22.1853
4609.01 22.203
4622.72 22.2207
4636.44 22.2384
4650.16 22.2561
4663.88 22.2737
4677.59 22.2914
4691.31 22.3089
4705.03 22.3265
4718.75 22.344
4732.46 22.3615
4746.18 22.379
4759.9 22.3964
4773.61 22.4138
4787.33 22.4312
4801.05 22.4486
4814.77 22.4659
4828.48 22.4832
4842.2 22.5005
4855.92 22.5178
4869.64 22.535
4883.35 22.5522
4897.07 22.5693
4910.79 22.5865
4924.5 22.6036
4938.22 22.6207
4951.94 22.6377
4965.66 22.6548
4979.37 22.6718
4993.09 22.6887
5006.81 22.7057
5020.53 22.7226
5034.24 22.7395
5047.96 22.7564
5061.68 22.7732
5075.4 22.79
5089.11 22.8068
5102.83 22.8236
5116.55 22.8403
5130.26 22.857
5143.98 22.8737
5157.7 22.8903
5171.42 22.907
5185.13 22.9236
5198.85 22.9401
5212.57 22.9567
5226.29 22.9732
5240 22.9897
5253.72 23.0061
5267.44 23.0226
5281.15 23.039
5294.87 23.0554
5308.59 23.0717
5322.31 23.0881
5336.02 23.1044
5349.74 23.1206
5363.46 23.1369
5377.18 23.1531
5390.89 23.1693
5404.61 23.1855
5418.33 23.2016
5432.04 23.2178
5445.76 23.2338
5459.48 23.2499
5473.2 23.266
5486.91 23.282
5500.63 23.298
5514.35 23.3139
5528.07 23.3299
5541.78 23.3458
5555.5 23.3617
5569.22 23.3775
5582.93 23.3933
5596.65 23.4092
5610.37 23.4249
5624.09 23.4407
5637.8 23.4564
5651.52 23.4721
5665.24 23.4878
5678.96 23.5035
5692.67 23.5191
5706.39 23.5347
5720.11 23.5503
5733.82 23.5658
5747.54 23.5813
5761.26 23.5968
5774.98 23.6123
5788.69 23.6278
5802.41 23.6432
5816.13 23.6586
5829.85 23.674
5843.56 23.6893
5857.28 23.7046
5871 23.7199
5884.71 23.7352
5898.43 23.7504
5912.15 23.7657
5925.87 23.7808
5939.58 23.796
5953.3 23.8112
5967.02 23.8263
5980.74 23.8414
5994.45 23.8564
6008.17 23.8715
6021.89 23.8865
6035.6 23.9015
6049.32 23.9165
6063.04 23.9314
6076.76 23.9463
6090.47 23.9612
6104.19 23.9761
6117.91 23.991
6131.63 24.0058
6145.34 24.0206
6159.06 24.0354
6172.78 24.0501
6186.5 24.0648
6200.21 24.0795
6213.93 24.0942
6227.65 24.1088
6241.36 24.1235
6255.08 24.1381
6268.8 24.1527
6282.52 24.1672
6296.23 24.1817
6309.95 24.1962
6323.67 24.2107
6337.39 24.2252
6351.1 24.2396
6364.82 24.254
6378.54 24.2684
6392.25 24.2828
6405.97 24.2971
6419.69 24.3114
6433.41 24.3257
6447.12 24.3399
6460.84 24.3542
6474.56 24.3684
6488.28 24.3826
6501.99 24.3968
6515.71 24.4109
6529.43 24.425
6543.14 24.4391
6556.86 24.4532
6570.58 24.4672
6584.3 24.4813
6598.01 24.4953
6611.73 24.5092
6625.45 24.5232
6639.17 24.5371
6652.88 24.551
6666.6 24.5649
6680.32 24.5788
6694.03 24.5926
6707.75 24.6064
6721.47 24.6202
6735.19 24.634
6748.9 24.6477
6762.62 24.6614
6776.34 24.6751
6790.06 24.6888
6803.77 24.7025
6817.49 24.7161
6831.21 24.7297
6844.92 24.7433
6858.64 24.7568
6872.36 24.7704
6886.08 24.7839
6899.79 24.7974
6913.51 24.8108
6927.23 24.8243
6940.95 24.8377
6954.66 24.8511
6968.38 24.8645
6982.1 24.8778
6995.81 24.8912
7009.53 24.9045
7023.25 24.9177
7036.97 24.931
7050.68 24.9442
7064.4 24.9575
7078.12 24.9707
7091.84 24.9838
7105.55 24.997
7119.27 25.0101
7132.99 25.0232
7146.7 25.0363
7160.42 25.0493
7174.14 25.0624
7187.86 25.0754
7201.57 25.0884
7215.29 25.1014
7229.01 25.1143
7242.73 25.1272
7256.44 25.1401
7270.16 25.153
7283.88 25.1659
7297.6 25.1787
7311.31 25.1915
7325.03 25.2043
7338.75 25.2171
7352.46 25.2298
7366.18 25.2426
7379.9 25.2553
7393.62 25.268
7407.33 25.2806
7421.05 25.2933
7434.77 25.3059
7448.49 25.3185
7462.2 25.331
7475.92 25.3436
7489.64 25.3561
7503.35 25.3686
7517.07 25.3811
7530.79 25.3936
7544.51 25.406
7558.22 25.4185
7571.94 25.4309
7585.66 25.4432
7599.38 25.4556
7613.09 25.4679
7626.81 25.4803
7640.53 25.4926
7654.24 25.5048
7667.96 25.5171
7681.68 25.5293
7695.4 25.5415
7709.11 25.5537
7722.83 25.5659
7736.55 25.578
7750.27 25.5902
7763.98 25.6023
7777.7 25.6144
7791.42 25.6264
7805.13 25.6385
7818.85 25.6505
7832.57 25.6625
7846.29 25.6745
7860 25.6864
7873.72 25.6984
7887.44 25.7103
7901.16 25.7222
7914.87 25.7341
7928.59 25.7459
7942.31 25.7577
7956.02 25.7696
7969.74 25.7814
7983.46 25.7931
7997.18 25.8049
8010.89 25.8166
8024.61 25.8283
8038.33 25.84
8052.05 25.8517
8065.76 25.8633
8079.48 25.875
8093.2 25.8866
8106.91 25.8982
8120.63 25.9097
8134.35 25.9213
8148.07 25.9328
8161.78 25.9443
8175.5 25.9558
8189.22 25.9673
8202.94 25.9787
8216.65 25.9902
8230.37 26.0016
8244.09 26.013
8257.8 26.0243
8271.52 26.0357
8285.24 26.047
8298.96 26.0583
8312.67 26.0696
8326.39 26.0809
8340.11 26.0922
8353.83 26.1034
8367.54 26.1146
8381.26 26.1258
8394.98 26.137
8408.7 26.1481
8422.41 26.1592
8436.13 26.1704
8449.85 26.1815
8463.56 26.1925
8477.28 26.2036
8491 26.2146
8504.72 26.2256
8518.43 26.2366
8532.15 26.2476
8545.87 26.2586
8559.59 26.2695
8573.3 26.2804
8587.02 26.2913
8600.74 26.3022
8614.45 26.3131
8628.17 26.3239
8641.89 26.3348
8655.61 26.3456
8669.32 26.3564
8683.04 26.3671
8696.76 26.3779
8710.48 26.3886
8724.19 26.3993
8737.91 26.41
8751.63 26.4207
8765.34 26.4313
8779.06 26.442
8792.78 26.4526
8806.5 26.4632
8820.21 26.4738
8833.93 26.4843
8847.65 26.4949
8861.37 26.5054
8875.08 26.5159
8888.8 26.5264
8902.52 26.5369
8916.23 26.5473
8929.95 26.5577
8943.67 26.5682
8957.39 26.5785
8971.1 26.5889
8984.82 26.5993
8998.54 26.6096
9012.26 26.6199
9025.97 26.6302
9039.69 26.6405
9053.41 26.6508
9067.12 26.6611
9080.84 26.6713
9094.56 26.6815
9108.28 26.6917
9121.99 26.7019
9135.71 26.712
9149.43 26.7222
9163.15 26.7323
9176.86 26.7424
9190.58 26.7525
9204.3 26.7626
9218.01 26.7726
9231.73 26.7826
9245.45 26.7927
9259.17 26.8027
9272.88 26.8126
9286.6 26.8226
9300.32 26.8325
9314.04 26.8425
9327.75 26.8524
9341.47 26.8623
9355.19 26.8721
9368.9 26.882
9382.62 26.8918
9396.34 26.9017
9410.06 26.9115
9423.77 26.9213
9437.49 26.931
9451.21 26.9408
9464.93 26.9505
9478.64 26.9602
9492.36 26.9699
9506.08 26.9796
9519.8 26.9893
9533.51 26.9989
9547.23 27.0086
9560.95 27.0182
9574.66 27.0278
9588.38 27.0374
9602.1 27.0469
9615.82 27.0565
9629.53 27.066
9643.25 27.0755
9656.97 27.085
9670.69 27.0945
9684.4 27.1039
9698.12 27.1134
9711.84 27.1228
9725.55 27.1322
9739.27 27.1416
9752.99 27.151
9766.71 27.1604
9780.42 27.1697
9794.14 27.179
9807.86 27.1884
9821.58 27.1977
9835.29 27.2069
9849.01 27.2162
9862.73 27.2254
9876.44 27.2347
9890.16 27.2439
9903.88 27.2531
9917.6 27.2623
9931.31 27.2714
9945.03 27.2806
9958.75 27.2897
9972.47 27.2988
9986.18 27.3079
9999.9 27.317
10013.6 27.3261
10027.3 27.3351
10041.1 27.3441
10054.8 27.3532
10068.5 27.3622
10082.2 27.3711
10095.9 27.3801
10109.6 27.3891
10123.4 27.398
10137.1 27.4069
10150.8 27.4158
10164.5 27.4247
10178.2 27.4336
10191.9 27.4424
10205.7 27.4513
10219.4 27.4601
10233.1 27.4689
10246.8 27.4777
10260.5 27.4865
10274.2 27.4953
10288 27.504
10301.7 27.5127
10315.4 27.5215
10329.1 27.5302
10342.8 27.5388
10356.5 27.5475
10370.3 27.5562
10384 27.5648
10397.7 27.5734
10411.4 27.582
10425.1 27.5906
10438.9 27.5992
10452.6 27.6078
10466.3 27.6163
10480 27.6248
10493.7 27.6333
10507.4 27.6418
10521.2 27.6503
10534.9 27.6588
10548.6 27.6673
10562.3 27.6757
10576 27.6841
10589.7 27.6925
10603.5 27.7009
10617.2 27.7093
10630.9 27.7177
10644.6 27.726
10658.3 27.7343
10672 27.7427
10685.8 27.751
10699.5 27.7593
10713.2 27.7675
10726.9 27.7758
10740.6 27.784
10754.4 27.7923
10768.1 27.8005
10781.8 27.8087
10795.5 27.8169
10809.2 27.825
10822.9 27.8332
10836.7 27.8413
10850.4 27.8495
10864.1 27.8576
10877.8 27.8657
10891.5 27.8737
10905.2 27.8818
10919 27.8899
10932.7 27.8979
10946.4 27.9059
10960.1 27.9139
10973.8 27.9219
10987.5 27.9299
11001.3 27.9379
11015 27.9458
11028.7 27.9538
11042.4 27.9617
11056.1 27.9696
11069.8 27.9775
11083.6 27.9854
11097.3 27.9933
11111 28.0011
11124.7 28.009
11138.4 28.0168
11152.2 28.0246
11165.9 28.0324
11179.6 28.0402
11193.3 28.0479
11207 28.0557
11220.7 28.0634
11234.5 28.0712
11248.2 28.0789
11261.9 28.0866
11275.6 28.0943
11289.3 28.1019
11303 28.1096
11316.8 28.1172
11330.5 28.1249
11344.2 28.1325
11357.9 28.1401
11371.6 28.1477
11385.3 28.1552
11399.1 28.1628
11412.8 28.1704
11426.5 28.1779
11440.2 28.1854
11453.9 28.1929
11467.6 28.2004
11481.4 28.2079
11495.1 28.2154
11508.8 28.2228
11522.5 28.2303
11536.2 28.2377
11550 28.2451
11563.7 28.2525
11577.4 28.2599
11591.1 28.2673
11604.8 28.2746
11618.5 28.282
11632.3 28.2893
11646 28.2966
11659.7 28.3039
11673.4 28.3112
11687.1 28.3185
11700.8 28.3258
11714.6 28.333
11728.3 28.3403
11742 28.3475
11755.7 28.3547
11769.4 28.3619
11783.1 28.3691
11796.9 28.3763
11810.6 28.3834
11824.3 28.3906
11838 28.3977
11851.7 28.4048
11865.5 28.4119
11879.2 28.419
11892.9 28.4261
11906.6 28.4332
11920.3 28.4403
11934 28.4473
11947.8 28.4543
11961.5 28.4614
11975.2 28.4684
11988.9 28.4754
12002.6 28.4824
12016.3 28.4893
12030.1 28.4963
12043.8 28.5032
12057.5 28.5102
12071.2 28.5171
12084.9 28.524
12098.6 28.5309
12112.4 28.5378
12126.1 28.5446
12139.8 28.5515
12153.5 28.5584
12167.2 28.5652
12180.9 28.572
12194.7 28.5788
12208.4 28.5856
12222.1 28.5924
12235.8 28.5992
12249.5 28.6059
12263.3 28.6127
12277 28.6194
12290.7 28.6261
12304.4 28.6328
12318.1 28.6395
12331.8 28.6462
12345.6 28.6529
12359.3 28.6596
12373 28.6662
12386.7 28.6729
12400.4 28.6795
12414.1 28.6861
12427.9 28.6927
12441.6 28.6993
12455.3 28.7059
12469 28.7124
12482.7 28.719
12496.4 28.7255
12510.2 28.7321
12523.9 28.7386
12537.6 28.7451
12551.3 28.7516
12565 28.7581
12578.7 28.7645
12592.5 28.771
12606.2 28.7775
12619.9 28.7839
12633.6 28.7903
12647.3 28.7967
12661.1 28.8031
12674.8 28.8095
12688.5 28.8159
12702.2 28.8223
12715.9 28.8286
12729.6 28.835
12743.4 28.8413
12757.1 28.8476
12770.8 28.8539
12784.5 28.8602
12798.2 28.8665
12811.9 28.8728
12825.7 28.8791
12839.4 28.8853
12853.1 28.8916
12866.8 28.8978
12880.5 28.904
12894.2 28.9102
12908 28.9164
12921.7 28.9226
12935.4 28.9288
12949.1 28.9349
12962.8 28.9411
12976.6 28.9472
12990.3 28.9533
13004 28.9595
13017.7 28.9656
13031.4 28.9717
13045.1 28.9778
13058.9 28.9838
13072.6 28.9899
13086.3 28.9959
13100 29.002
13113.7 29.008
13127.4 29.014
13141.2 29.02
13154.9 29.026
13168.6 29.032
13182.3 29.038
13196 29.044
13209.7 29.0499
13223.5 29.0559
13237.2 29.0618
13250.9 29.0677
13264.6 29.0736
13278.3 29.0795
13292 29.0854
13305.8 29.0913
13319.5 29.0972
13333.2 29.103
13346.9 29.1089
13360.6 29.1147
13374.4 29.1205
13388.1 29.1263
13401.8 29.1321
13415.5 29.1379
13429.2 29.1437
13442.9 29.1495
13456.7 29.1553
13470.4 29.161
13484.1 29.1667
13497.8 29.1725
13511.5 29.1782
13525.2 29.1839
13539 29.1896
13552.7 29.1953
13566.4 29.201
13580.1 29.2066
13593.8 29.2123
13607.5 29.2179
13621.3 29.2236
13635 29.2292
13648.7 29.2348
13662.4 29.2404
13676.1 29.246
13689.8 29.2516
13703.6 29.2572
13717.3 29.2628
13731 29.2683
13744.7 29.2739
13758.4 29.2794
13772.2 29.2849
13785.9 29.2904
13799.6 29.2959
13813.3 29.3014
13827 29.3069
13840.7 29.3124
13854.5 29.3179
13868.2 29.3233
13881.9 29.3288
13895.6 29.3342
13909.3 29.3396
13923 29.3451
13936.8 29.3505
13950.5 29.3559
13964.2 29.3612
13977.9 29.3666
13991.6 29.372
14005.3 29.3773
14019.1 29.3827
14032.8 29.388
14046.5 29.3934
14060.2 29.3987
14073.9 29.404
14087.7 29.4093
14101.4 29.4146
14115.1 29.4199
14128.8 29.4251
14142.5 29.4304
14156.2 29.4356
14170 29.4409
14183.7 29.4461
14197.4 29.4513
14211.1 29.4566
14224.8 29.4618
14238.5 29.4669
14252.3 29.4721
14266 29.4773
14279.7 29.4825
14293.4 29.4876
14307.1 29.4928
14320.8 29.4979
14334.6 29.503
14348.3 29.5082
14362 29.5133
14375.7 29.5184
14389.4 29.5235
14403.1 29.5285
14416.9 29.5336
14430.6 29.5387
14444.3 29.5437
14458 29.5488
14471.7 29.5538
14485.5 29.5588
14499.2 29.5639
14512.9 29.5689
14526.6 29.5739
14540.3 29.5789
14554 29.5838
14567.8 29.5888
14581.5 29.5938
14595.2 29.5987
14608.9 29.6037
14622.6 29.6086
14636.3 29.6135
14650.1 29.6185
14663.8 29.6234
14677.5 29.6283
14691.2 29.6332
14704.9 29.638
14718.6 29.6429
14732.4 29.6478
14746.1 29.6526
14759.8 29.6575
14773.5 29.6623
14787.2 29.6671
14800.9 29.672
14814.7 29.6768
14828.4 29.6816
14842.1 29.6864
14855.8 29.6912
14869.5 29.6959
14883.3 29.7007
14897 29.7055
14910.7 29.7102
14924.4 29.715
14938.1 29.7197
14951.8 29.7244
14965.6 29.7291
14979.3 29.7338
14993 29.7385
15006.7 29.7432
15020.4 29.7479
15034.1 29.7526
15047.9 29.7572
15061.6 29.7619
15075.3 29.7666
15089 29.7712
15102.7 29.7758
15116.4 29.7804
15130.2 29.7851
15143.9 29.7897
15157.6 29.7943
15171.3 29.7988
15185 29.8034
15198.8 29.808
15212.5 29.8126
15226.2 29.8171
15239.9 29.8217
15253.6 29.8262
15267.3 29.8307
15281.1 29.8353
15294.8 29.8398
15308.5 29.8443
15322.2 29.8488
15335.9 29.8533
15349.6 29.8577
15363.4 29.8622
15377.1 29.8667
15390.8 29.8711
15404.5 29.8756
15418.2 29.88
15431.9 29.8845
15445.7 29.8889
15459.4 29.8933
15473.1 29.8977
15486.8 29.9021
15500.5 29.9065
15514.2 29.9109
15528 29.9153
15541.7 29.9196
15555.4 29.924
15569.1 29.9283
15582.8 29.9327
15596.6 29.937
15610.3 29.9414
15624 29.9457
15637.7 29.95
15651.4 29.9543
15665.1 29.9586
15678.9 29.9629
15692.6 29.9672
15706.3 29.9714
15720 29.9757
15733.7 29.98
15747.4 29.9842
15761.2 29.9885
15774.9 29.9927
15788.6 29.9969
15802.3 30.0011
15816 30.0053
15829.7 30.0095
15843.5 30.0137
15857.2 30.0179
15870.9 30.0221
15884.6 30.0263
15898.3 30.0305
15912 30.0346
15925.8 30.0388
15939.5 30.0429
15953.2 30.047
15966.9 30.0512
15980.6 30.0553
15994.4 30.0594
16008.1 30.0635
16021.8 30.0676
16035.5 30.0717
16049.2 30.0758
16062.9 30.0799
16076.7 30.0839
16090.4 30.088
16104.1 30.092
16117.8 30.0961
16131.5 30.1001
16145.2 30.1041
16159 30.1082
16172.7 30.1122
16186.4 30.1162
16200.1 30.1202
16213.8 30.1242
16227.5 30.1282
16241.3 30.1322
16255 30.1361
16268.7 30.1401
16282.4 30.1441
16296.1 30.148
16309.9 30.152
16323.6 30.1559
16337.3 30.1598
16351 30.1637
16364.7 30.1677
16378.4 30.1716
16392.2 30.1755
16405.9 30.1794
16419.6 30.1832
16433.3 30.1871
16447 30.191
16460.7 30.1949
16474.5 30.1987
16488.2 30.2026
16501.9 30.2064
16515.6 30.2102
16529.3 30.2141
16543 30.2179
16556.8 30.2217
16570.5 30.2255
16584.2 30.2293
16597.9 30.2331
16611.6 30.2369
16625.3 30.2407
16639.1 30.2445
16652.8 30.2482
16666.5 30.252
16680.2 30.2558
16693.9 30.2595
16707.7 30.2632
16721.4 30.267
16735.1 30.2707
16748.8 30.2744
16762.5 30.2781
16776.2 30.2818
16790 30.2855
16803.7 30.2892
16817.4 30.2929
16831.1 30.2966
16844.8 30.3003
16858.5 30.3039
16872.3 30.3076
16886 30.3112
16899.7 30.3149
16913.4 30.3185
16927.1 30.3222
16940.8 30.3258
16954.6 30.3294
16968.3 30.333
16982 30.3366
16995.7 30.3402
17009.4 30.3438
17023.1 30.3474
17036.9 30.351
17050.6 30.3546
17064.3 30.3581
17078 30.3617
17091.7 30.3652
17105.5 30.3688
17119.2 30.3723
17132.9 30.3759
17146.6 30.3794
17160.3 30.3829
17174 30.3864
17187.8 30.3899
17201.5 30.3934
17215.2 30.3969
17228.9 30.4004
17242.6 30.4039
17256.3 30.4074
17270.1 30.4108
17283.8 30.4143
17297.5 30.4178
17311.2 30.4212
17324.9 30.4247
17338.6 30.4281
17352.4 30.4315
17366.1 30.435
17379.8 30.4384
17393.5 30.4418
17407.2 30.4452
17421 30.4486
17434.7 30.452
17448.4 30.4554
17462.1 30.4588
17475.8 30.4621
17489.5 30.4655
17503.3 30.4689
17517 30.4722
17530.7 30.4756
17544.4 30.4789
17558.1 30.4823
17571.8 30.4856
17585.6 30.4889
17599.3 30.4923
17613 30.4956
17626.7 30.4989
17640.4 30.5022
17654.1 30.5055
17667.9 30.5088
17681.6 30.5121
17695.3 30.5153
17709 30.5186
17722.7 30.5219
17736.4 30.5251
17750.2 30.5284
17763.9 30.5316
17777.6 30.5349
17791.3 30.5381
17805 30.5414
17818.8 30.5446
17832.5 30.5478
17846.2 30.551
17859.9 30.5542
17873.6 30.5574
17887.3 30.5606
17901.1 30.5638
17914.8 30.567
17928.5 30.5702
17942.2 30.5733
17955.9 30.5765
17969.6 30.5797
17983.4 30.5828
17997.1 30.586
18010.8 30.5891
18024.5 30.5923
18038.2 30.5954
18051.9 30.5985
18065.7 30.6016
18079.4 30.6048
18093.1 30.6079
18106.8 30.611
18120.5 30.6141
18134.2 30.6172
18148 30.6203
18161.7 30.6233
18175.4 30.6264
18189.1 30.6295
18202.8 30.6325
18216.6 30.6356
18230.3 30.6387
18244 30.6417
18257.7 30.6447
18271.4 30.6478
18285.1 30.6508
18298.9 30.6538
18312.6 30.6569
18326.3 30.6599
18340 30.6629
18353.7 30.6659
18367.4 30.6689
18381.2 30.6719
18394.9 30.6749
18408.6 30.6778
18422.3 30.6808
18436 30.6838
18449.7 30.6868
18463.5 30.6897
18477.2 30.6927
18490.9 30.6956
18504.6 30.6986
18518.3 30.7015
18532.1 30.7044
18545.8 30.7074
18559.5 30.7103
18573.2 30.7132
18586.9 30.7161
18600.6 30.719
18614.4 30.7219
18628.1 30.7248
18641.8 30.7277
18655.5 30.7306
18669.2 30.7335
18682.9 30.7363
18696.7 30.7392
18710.4 30.7421
18724.1 30.7449
18737.8 30.7478
18751.5 30.7506
18765.2 30.7535
18779 30.7563
18792.7 30.7592
18806.4 30.762
18820.1 30.7648
18833.8 30.7676
18847.5 30.7704
18861.3 30.7732
18875 30.776
18888.7 30.7788
18902.4 30.7816
18916.1 30.7844
18929.9 30.7872
18943.6 30.79
18957.3 30.7928
18971 30.7955
18984.7 30.7983
18998.4 30.801
19012.2 30.8038
19025.9 30.8065
19039.6 30.8093
19053.3 30.812
19067 30.8147
19080.7 30.8175
19094.5 30.8202
19108.2 30.8229
19121.9 30.8256
19135.6 30.8283
19149.3 30.831
19163 30.8337
19176.8 30.8364
19190.5 30.8391
19204.2 30.8418
19217.9 30.8445
19231.6 30.8471
19245.3 30.8498
19259.1 30.8525
19272.8 30.8551
19286.5 30.8578
19300.2 30.8604
19313.9 30.8631
19327.7 30.8657
19341.4 30.8683
19355.1 30.871
19368.8 30.8736
19382.5 30.8762
19396.2 30.8788
19410 30.8814
19423.7 30.884
19437.4 30.8866
19451.1 30.8892
19464.8 30.8918
19478.5 30.8944
19492.3 30.897
19506 30.8995
19519.7 30.9021
19533.4 30.9047
19547.1 30.9072
19560.8 30.9098
19574.6 30.9124
19588.3 30.9149
19602 30.9174
19615.7 30.92
19629.4 30.9225
19643.2 30.9251
19656.9 30.9276
19670.6 30.9301
19684.3 30.9326
19698 30.9351
19711.7 30.9376
19725.5 30.9401
19739.2 30.9426
19752.9 30.9451
19766.6 30.9476
19780.3 30.9501
19794 30.9526
19807.8 30.955
19821.5 30.9575
19835.2 30.96
19848.9 30.9624
19862.6 30.9649
19876.3 30.9673
19890.1 30.9698
19903.8 30.9722
19917.5 30.9747
19931.2 30.9771
19944.9 30.9795
19958.6 30.982
19972.4 30.9844
19986.1 30.9868
19999.8 30.9892
20013.5 30.9916
20027.2 30.994
20041 30.9964
20054.7 30.9988
20068.4 31.0012
20082.1 31.0036
20095.8 31.006
20109.5 31.0083
20123.3 31.0107
20137 31.0131
20150.7 31.0155
20164.4 31.0178
20178.1 31.0202
20191.8 31.0225
20205.6 31.0249
20219.3 31.0272
20233 31.0295
20246.7 31.0319
20260.4 31.0342
20274.1 31.0365
20287.9 31.0389
20301.6 31.0412
20315.3 31.0435
20329 31.0458
20342.7 31.0481
20356.4 31.0504
20370.2 31.0527
20383.9 31.055
20397.6 31.0573
20411.3 31.0595
20425 31.0618
20438.8 31.0641
20452.5 31.0664
20466.2 31.0686
20479.9 31.0709
20493.6 31.0732
20507.3 31.0754
20521.1 31.0777
20534.8 31.0799
20548.5 31.0821
20562.2 31.0844
20575.9 31.0866
20589.6 31.0888
20603.4 31.0911
20617.1 31.0933
20630.8 31.0955
20644.5 31.0977
20658.2 31.0999
20671.9 31.1021
20685.7 31.1043
20699.4 31.1065
20713.1 31.1087
20726.8 31.1109
20740.5 31.1131
20754.3 31.1153
20768 31.1175
20781.7 31.1196
20795.4 31.1218
20809.1 31.124
20822.8 31.1261
20836.6 31.1283
20850.3 31.1304
20864 31.1326
20877.7 31.1347
20891.4 31.1369
20905.1 31.139
20918.9 31.1411
20932.6 31.1433
20946.3 31.1454
20960 31.1475
20973.7 31.1496
20987.4 31.1518
21001.2 31.1539
21014.9 31.156
21028.6 31.1581
21042.3 31.1602
21056 31.1623
21069.7 31.1644
21083.5 31.1664
21097.2 31.1685
21110.9 31.1706
21124.6 31.1727
21138.3 31.1748
21152.1 31.1768
21165.8 31.1789
21179.5 31.1809
21193.2 31.183
21206.9 31.1851
21220.6 31.1871
21234.4 31.1892
21248.1 31.1912
21261.8 31.1932
21275.5 31.1953
21289.2 31.1973
21302.9 31.1993
21316.7 31.2013
21330.4 31.2034
21344.1 31.2054
21357.8 31.2074
21371.5 31.2094
21385.2 31.2114
21399 31.2134
21412.7 31.2154
21426.4 31.2174
21440.1 31.2194
21453.8 31.2214
21467.5 31.2234
21481.3 31.2253
21495 31.2273
21508.7 31.2293
21522.4 31.2313
21536.1 31.2332
21549.9 31.2352
21563.6 31.2371
21577.3 31.2391
21591 31.241
21604.7 31.243
21618.4 31.2449
21632.2 31.2469
21645.9 31.2488
21659.6 31.2507
21673.3 31.2527
21687 31.2546
21700.7 31.2565
21714.5 31.2584
21728.2 31.2604
21741.9 31.2623
21755.6 31.2642
21769.3 31.2661
21783 31.268
21796.8 31.2699
21810.5 31.2718
21824.2 31.2737
21837.9 31.2756
21851.6 31.2774
21865.4 31.2793
21879.1 31.2812
21892.8 31.2831
21906.5 31.2849
21920.2 31.2868
21933.9 31.2887
21947.7 31.2905
21961.4 31.2924
21975.1 31.2942
21988.8 31.2961
22002.5 31.2979
22016.2 31.2998
22030 31.3016
22043.7 31.3035
22057.4 31.3053
22071.1 31.3071
22084.8 31.3089
22098.5 31.3108
22112.3 31.3126
22126 31.3144
22139.7 31.3162
22153.4 31.318
22167.1 31.3198
22180.8 31.3216
22194.6 31.3234
22208.3 31.3252
22222 31.327
22235.7 31.3288
22249.4 31.3306
22263.2 31.3324
22276.9 31.3342
22290.6 31.3359
22304.3 31.3377
22318 31.3395
22331.7 31.3412
22345.5 31.343
22359.2 31.3448
22372.9 31.3465
22386.6 31.3483
22400.3 31.35
22414 31.3518
22427.8 31.3535
22441.5 31.3553
22455.2 31.357
22468.9 31.3587
22482.6 31.3605
22496.3 31.3622
22510.1 31.3639
22523.8 31.3657
22537.5 31.3674
22551.2 31.3691
22564.9 31.3708
22578.6 31.3725
22592.4 31.3742
22606.1 31.3759
22619.8 31.3776
22633.5 31.3793
22647.2 31.381
22661 31.3827
22674.7 31.3844
22688.4 31.3861
22702.1 31.3878
22715.8 31.3894
22729.5 31.3911
22743.3 31.3928
22757 31.3945
22770.7 31.3961
22784.4 31.3978
22798.1 31.3994
22811.8 31.4011
22825.6 31.4028
22839.3 31.4044
22853 31.4061
22866.7 31.4077
22880.4 31.4093
22894.1 31.411
22907.9 31.4126
22921.6 31.4143
22935.3 31.4159
22949 31.4175
22962.7 31.4191
22976.5 31.4208
22990.2 31.4224
23003.9 31.424
23017.6 31.4256
23031.3 31.4272
23045 31.4288
23058.8 31.4304
23072.5 31.432
23086.2 31.4336
23099.9 31.4352
23113.6 31.4368
23127.3 31.4384
23141.1 31.44
23154.8 31.4416
23168.5 31.4431
23182.2 31.4447
23195.9 31.4463
23209.6 31.4479
23223.4 31.4494
23237.1 31.451
23250.8 31.4526
23264.5 31.4541
23278.2 31.4557
23291.9 31.4572
23305.7 31.4588
23319.4 31.4603
23333.1 31.4619
23346.8 31.4634
23360.5 31.465
23374.3 31.4665
23388 31.468
23401.7 31.4696
23415.4 31.4711
23429.1 31.4726
23442.8 31.4742
23456.6 31.4757
23470.3 31.4772
23484 31.4787
23497.7 31.4802
23511.4 31.4817
23525.1 31.4832
23538.9 31.4847
23552.6 31.4862
23566.3 31.4877
23580 31.4892
23593.7 31.4907
23607.4 31.4922
23621.2 31.4937
23634.9 31.4952
23648.6 31.4967
23662.3 31.4982
23676 31.4996
23689.7 31.5011
23703.5 31.5026
23717.2 31.5041
23730.9 31.5055
23744.6 31.507
23758.3 31.5084
23772.1 31.5099
23785.8 31.5114
23799.5 31.5128
23813.2 31.5143
23826.9 31.5157
23840.6 31.5172
23854.4 31.5186
23868.1 31.52
23881.8 31.5215
23895.5 31.5229
23909.2 31.5243
23922.9 31.5258
23936.7 31.5272
23950.4 31.5286
23964.1 31.53
23977.8 31.5315
23991.5 31.5329
24005.2 31.5343
24019 31.5357
24032.7 31.5371
24046.4 31.5385
24060.1 31.5399
24073.8 31.5413
24087.6 31.5427
24101.3 31.5441
24115 31.5455
24128.7 31.5469
24142.4 31.5483
24156.1 31.5497
24169.9 31.5511
24183.6 31.5524
24197.3 31.5538
24211 31.5552
24224.7 31.5566
24238.4 31.5579
24252.2 31.5593
24265.9 31.5607
24279.6 31.562
24293.3 31.5634
24307 31.5647
24320.7 31.5661
24334.5 31.5675
24348.2 31.5688
24361.9 31.5701
24375.6 31.5715
24389.3 31.5728
24403 31.5742
24416.8 31.5755
24430.5 31.5769
24444.2 31.5782
24457.9 31.5795
24471.6 31.5808
24485.4 31.5822
24499.1 31.5835
24512.8 31.5848
24526.5 31.5861
24540.2 31.5874
24553.9 31.5888
24567.7 31.5901
24581.4 31.5914
24595.1 31.5927
24608.8 31.594
24622.5 31.5953
24636.2 31.5966
24650 31.5979
24663.7 31.5992
24677.4 31.6005
24691.1 31.6018
24704.8 31.6031
24718.5 31.6043
24732.3 31.6056
24746 31.6069
24759.7 31.6082
24773.4 31.6095
24787.1 31.6107
24800.8 31.612
24814.6 31.6133
24828.3 31.6145
24842 31.6158
24855.7 31.6171
24869.4 31.6183
24883.2 31.6196
24896.9 31.6208
24910.6 31.6221
24924.3 31.6233
24938 31.6246
24951.7 31.6258
24965.5 31.6271
24979.2 31.6283
24992.9 31.6296
25006.6 31.6308
25020.3 31.632
25034 31.6333
25047.8 31.6345
25061.5 31.6357
25075.2 31.6369
25088.9 31.6382
25102.6 31.6394
25116.3 31.6406
25130.1 31.6418
25143.8 31.643
25157.5 31.6443
25171.2 31.6455
25184.9 31.6467
25198.7 31.6479
25212.4 31.6491
25226.1 31.6503
25239.8 31.6515
25253.5 31.6527
25267.2 31.6539
25281 31.6551
25294.7 31.6563
25308.4 31.6574
25322.1 31.6586
25335.8 31.6598
25349.5 31.661
25363.3 31.6622
25377 31.6634
25390.7 31.6645
25404.4 31.6657
25418.1 31.6669
25431.8 31.668
25445.6 31.6692
25459.3 31.6704
25473 31.6715
25486.7 31.6727
25500.4 31.6739
25514.1 31.675
25527.9 31.6762
25541.6 31.6773
25555.3 31.6785
25569 31.6796
25582.7 31.6808
25596.5 31.6819
25610.2 31.683
25623.9 31.6842
25637.6 31.6853
25651.3 31.6865
25665 31.6876
25678.8 31.6887
25692.5 31.6898
25706.2 31.691
25719.9 31.6921
25733.6 31.6932
25747.3 31.6943
25761.1 31.6955
25774.8 31.6966
25788.5 31.6977
25802.2 31.6988
25815.9 31.6999
25829.6 31.701
25843.4 31.7021
25857.1 31.7032
25870.8 31.7043
25884.5 31.7054
25898.2 31.7065
25911.9 31.7076
25925.7 31.7087
25939.4 31.7098
25953.1 31.7109
25966.8 31.712
25980.5 31.7131
25994.3 31.7142
26008 31.7152
26021.7 31.7163
26035.4 31.7174
26049.1 31.7185
26062.8 31.7196
26076.6 31.7206
26090.3 31.7217
26104 31.7228
26117.7 31.7238
26131.4 31.7249
26145.1 31.726
26158.9 31.727
26172.6 31.7281
26186.3 31.7291
26200 31.7302
26213.7 31.7312
26227.4 31.7323
26241.2 31.7333
26254.9 31.7344
26268.6 31.7354
26282.3 31.7365
26296 31.7375
26309.8 31.7386
26323.5 31.7396
26337.2 31.7406
26350.9 31.7417
26364.6 31.7427
26378.3 31.7437
26392.1 31.7448
26405.8 31.7458
26419.5 31.7468
26433.2 31.7478
26446.9 31.7488
26460.6 31.7499
26474.4 31.7509
26488.1 31.7519
26501.8 31.7529
26515.5 31.7539
26529.2 31.7549
26542.9 31.7559
26556.7 31.7569
26570.4 31.758
26584.1 31.759
26597.8 31.76
